1.87963e-20
1.79776e-20
-2.65568e-20
-5.79042e-20
-8.35072e-20
-1.24434e-19
-1.32895e-19
-1.84209e-19
-2.15769e-19
-2.35415e-19
-2.59999e-19
-2.81203e-19
-2.95437e-19
-3.09541e-19
-3.52164e-19
-3.71849e-19
-3.81321e-19
-3.86019e-19
-4.13148e-19
-4.15229e-19
-4.4395e-19
-4.79309e-19
-4.95955e-19
-4.80196e-19
-5.00642e-19
-5.36277e-19
-5.71985e-19
-6.04952e-19
-6.34834e-19
-6.43878e-19
-6.48095e-19
-6.51554e-19
-6.63482e-19
-6.66246e-19
-6.70683e-19
-7.07497e-19
-7.31571e-19
-7.51795e-19
-7.72864e-19
-8.125e-19
-8.25711e-19
-8.47559e-19
-8.4824e-19
-8.65086e-19
-8.73917e-19
-8.85028e-19
-8.80266e-19
-9.14691e-19
-9.25254e-19
-9.08069e-19
-9.36362e-19
-9.57343e-19
-9.69837e-19
-9.90225e-19
-1.00332e-18
-9.81241e-19
-1.00052e-18
-1.00249e-18
-1.03499e-18
-1.06117e-18
-1.05671e-18
-1.07265e-18
-1.08853e-18
-1.10398e-18
-1.10304e-18
-1.09778e-18
-1.10628e-18
-1.11491e-18
-1.13204e-18
-1.14154e-18
-1.15412e-18
-1.17083e-18
-1.16287e-18
-1.15514e-18
-1.15214e-18
-1.18897e-18
-1.16999e-18
-1.17042e-18
-1.19306e-18
-1.18794e-18
-1.18407e-18
-1.19528e-18
-1.19157e-18
-1.20819e-18
-1.22109e-18
-1.23569e-18
-1.22412e-18
-1.23136e-18
-1.23012e-18
-1.23471e-18
-1.22739e-18
-1.22459e-18
-1.23038e-18
-1.22865e-18
-1.24079e-18
-1.24498e-18
-1.25933e-18
-1.27386e-18
-1.27589e-18
-1.26998e-18
-1.27766e-18
-1.28009e-18
-1.28397e-18
-1.30441e-18
-1.30509e-18
-1.29789e-18
-1.3275e-18
-1.32911e-18
-1.32008e-18
-1.30106e-18
-1.29251e-18
-1.3173e-18
-1.3336e-18
-1.32246e-18
-1.32793e-18
-1.32487e-18
-1.33398e-18
-1.32319e-18
-1.32704e-18
-1.32765e-18
-1.31711e-18
-1.31039e-18
-1.31879e-18
-1.3141e-18
-1.31176e-18
-1.30622e-18
-1.31474e-18
-1.32324e-18
-1.32072e-18
-1.33458e-18
-1.34859e-18
-1.33784e-18
-1.34195e-18
-1.33099e-18
-1.32477e-18
-1.32174e-18
-1.31815e-18
-1.31338e-18
-1.3265e-18
-1.31117e-18
-1.3218e-18
-1.3353e-18
-1.3345e-18
-1.33861e-18
-1.34441e-18
-1.3476e-18
-1.34542e-18
-1.33548e-18
-1.34616e-18
-1.34196e-18
-1.34967e-18
-1.34025e-18
-1.34682e-18
-1.35151e-18
-1.36128e-18
-1.3669e-18
-1.33747e-18
-1.34551e-18
-1.33016e-18
-1.33277e-18
-1.34757e-18
-1.3537e-18
-1.35184e-18
-1.36704e-18
-1.35272e-18
-1.36225e-18
-1.37301e-18
-1.37415e-18
-1.37125e-18
-1.36427e-18
-1.3753e-18
-1.37705e-18
-1.38477e-18
-1.38185e-18
-1.37895e-18
-1.37608e-18
-1.40228e-18
-1.4037e-18
-1.39761e-18
-1.40806e-18
-1.41931e-18
-1.40414e-18
-1.41297e-18
-1.43606e-18
-1.4391e-18
-1.43741e-18
-1.42614e-18
-1.41751e-18
-1.41052e-18
-1.40923e-18
-1.39625e-18
-1.39725e-18
-1.37717e-18
-1.37692e-18
-1.36489e-18
-1.36176e-18
-1.37035e-18
-1.37696e-18
-1.37659e-18
-1.3857e-18
-1.36534e-18
-1.3564e-18
-1.35014e-18
-1.33515e-18
-1.33917e-18
-1.32949e-18
-1.34755e-18
-1.34867e-18
-1.34597e-18
-1.35339e-18
-1.34533e-18
-1.34461e-18
-1.33433e-18
-1.33334e-18
-1.34154e-18
-1.32692e-18
-1.32415e-18
-1.3265e-18
-1.34493e-18
-1.34006e-18
-1.32688e-18
-1.32504e-18
-1.32796e-18
-1.3328e-18
-1.33366e-18
-1.33822e-18
-1.3375e-18
-1.33699e-18
-1.33233e-18
-1.31583e-18
-1.31208e-18
-1.31993e-18
-1.32295e-18
-1.33766e-18
-1.36147e-18
-1.37258e-18
-1.37816e-18
-1.35479e-18
-1.35447e-18
-1.34648e-18
-1.34279e-18
-1.34177e-18
-1.33801e-18
-1.3492e-18
-1.3385e-18
-1.34436e-18
-1.33025e-18
-1.33934e-18
-1.33357e-18
-1.33029e-18
-1.33207e-18
-1.32607e-18
-1.3151e-18
-1.3137e-18
-1.28831e-18
-1.30064e-18
-1.29443e-18
-1.29231e-18
-1.30585e-18
-1.28512e-18
-1.28871e-18
-1.29085e-18
-1.2841e-18
-1.29802e-18
-1.30174e-18
-1.31382e-18
-1.29994e-18
-1.29942e-18
-1.28937e-18
-1.30303e-18
-1.30272e-18
-1.32599e-18
-1.32976e-18
-1.33656e-18
-1.32655e-18
-1.34038e-18
-1.33688e-18
-1.34297e-18
-1.34963e-18
-1.3506e-18
-1.35447e-18
-1.35537e-18
-1.37464e-18
-1.37544e-18
-1.3572e-18
-1.34551e-18
-1.33039e-18
-1.33227e-18
-1.32143e-18
-1.32276e-18
-1.31105e-18
-1.31479e-18
-1.3147e-18
-1.32747e-18
-1.32212e-18
-1.3379e-18
-1.32663e-18
-1.32429e-18
-1.31883e-18
-1.32727e-18
-1.33654e-18
-1.32764e-18
-1.34184e-18
-1.33066e-18
-1.33935e-18
-1.33958e-18
-1.33278e-18
-1.33127e-18
-1.29495e-18
-1.29567e-18
-1.30599e-18
-1.31391e-18
-1.33095e-18
-1.3286e-18
-1.35056e-18
-1.37484e-18
-1.36908e-18
-1.37223e-18
-1.34615e-18
-1.33709e-18
-1.36706e-18
-1.35678e-18
-1.35177e-18
-1.32515e-18
-1.32346e-18
-1.33895e-18
-1.34404e-18
-1.33377e-18
-1.34506e-18
-1.37419e-18
-1.37694e-18
-1.38785e-18
-1.39255e-18
-1.39356e-18
-1.41246e-18
-1.40987e-18
-1.40021e-18
-1.40389e-18
-1.40018e-18
-1.39612e-18
-1.38412e-18
-1.36837e-18
-1.34944e-18
-1.34633e-18
-1.3252e-18
-1.33462e-18
-1.34521e-18
-1.33651e-18
-1.32544e-18
-1.34559e-18
-1.32936e-18
-1.35278e-18
-1.36601e-18
-1.36497e-18
-1.36091e-18
-1.34844e-18
-1.33496e-18
-1.33827e-18
-1.357e-18
-1.35237e-18
-1.33463e-18
-1.31398e-18
-1.30951e-18
-1.31247e-18
-1.33527e-18
-1.35159e-18
-1.34091e-18
-1.33531e-18
-1.33839e-18
-1.34471e-18
-1.3407e-18
-1.33326e-18
-1.34573e-18
-1.35625e-18
-1.35383e-18
-1.35469e-18
-1.34952e-18
-1.34262e-18
-1.33244e-18
-1.33167e-18
-1.31198e-18
-1.29158e-18
-1.29036e-18
-1.28298e-18
-1.29551e-18
-1.31701e-18
-1.31016e-18
-1.29689e-18
-1.28466e-18
-1.30139e-18
-1.32295e-18
-1.3216e-18
-1.32866e-18
-1.33163e-18
-1.35099e-18
-1.36974e-18
-1.36742e-18
-1.36121e-18
-1.34753e-18
-1.36279e-18
-1.38401e-18
-1.39413e-18
-1.39023e-18
-1.38598e-18
-1.39098e-18
-1.39475e-18
-1.38844e-18
-1.38567e-18
-1.37488e-18
-1.36878e-18
-1.36904e-18
-1.37066e-18
-1.35505e-18
-1.3624e-18
-1.37175e-18
-1.36297e-18
-1.34469e-18
-1.34998e-18
-1.34606e-18
-1.34631e-18
-1.3612e-18
-1.35405e-18
-1.35341e-18
-1.36327e-18
-1.38726e-18
-1.39011e-18
-1.37605e-18
-1.39419e-18
-1.38759e-18
-1.38486e-18
-1.3766e-18
-1.38324e-18
-1.38784e-18
-1.38755e-18
-1.37912e-18
-1.36951e-18
-1.39295e-18
-1.40559e-18
-1.40136e-18
-1.41398e-18
-1.40599e-18
-1.40443e-18
-1.39696e-18
-1.40221e-18
-1.39286e-18
-1.39124e-18
-1.39243e-18
-1.38891e-18
-1.38038e-18
-1.38708e-18
-1.36648e-18
-1.36545e-18
-1.36375e-18
-1.36725e-18
-1.36166e-18
-1.35e-18
-1.35651e-18
-1.35653e-18
-1.34136e-18
-1.35179e-18
-1.34249e-18
-1.32885e-18
-1.3178e-18
-1.32618e-18
-1.32788e-18
-1.32025e-18
-1.32237e-18
-1.32254e-18
-1.3238e-18
-1.31419e-18
-1.32522e-18
-1.33983e-18
-1.34886e-18
-1.33818e-18
-1.35607e-18
-1.37112e-18
-1.38428e-18
-1.38907e-18
-1.40138e-18
-1.39642e-18
-1.39076e-18
-1.38846e-18
-1.41043e-18
-1.41226e-18
-1.41867e-18
-1.40757e-18
-1.40648e-18
-1.40146e-18
-1.40801e-18
-1.43433e-18
-1.41426e-18
-1.40702e-18
-1.41246e-18
-1.39841e-18
-1.38831e-18
-1.3914e-18
-1.36548e-18
-1.36071e-18
-1.36479e-18
-1.38505e-18
-1.38117e-18
-1.39894e-18
-1.38481e-18
-1.39442e-18
-1.39773e-18
-1.39951e-18
-1.3965e-18
-1.37844e-18
-1.38732e-18
-1.36541e-18
-1.34821e-18
-1.34387e-18
-1.36829e-18
-1.37469e-18
-1.38386e-18
-1.3798e-18
-1.3732e-18
-1.38174e-18
-1.37254e-18
-1.36493e-18
-1.36121e-18
-1.35549e-18
-1.33914e-18
-1.3441e-18
-1.35172e-18
-1.35377e-18
-1.35514e-18
-1.35471e-18
-1.34712e-18
-1.3503e-18
-1.36441e-18
-1.37646e-18
-1.36409e-18
-1.37015e-18
-1.36242e-18
-1.36576e-18
-1.3827e-18
-1.37278e-18
-1.36155e-18
-1.35518e-18
-1.33644e-18
-1.33852e-18
-1.3433e-18
-1.34813e-18
-1.35039e-18
-1.33618e-18
-1.34159e-18
-1.34054e-18
-1.32796e-18
-1.33267e-18
-1.34394e-18
-1.33575e-18
-1.33999e-18
-1.343e-18
-1.35108e-18
-1.32823e-18
-1.34055e-18
-1.34883e-18
-1.35008e-18
-1.36234e-18
-1.37608e-18
-1.35271e-18
-1.35304e-18
-1.34811e-18
-1.36468e-18
-1.37103e-18
-1.37128e-18
-1.38089e-18
-1.38099e-18
-1.38506e-18
-1.40717e-18
-1.42323e-18
-1.42066e-18
-1.43714e-18
-1.44393e-18
-1.4273e-18
-1.4193e-18
-1.41397e-18
-1.40181e-18
-1.41132e-18
-1.41585e-18
-1.41911e-18
-1.41688e-18
-1.42297e-18
-1.42075e-18
-1.41253e-18
-1.41946e-18
-1.40856e-18
-1.41627e-18
-1.43373e-18
-1.43071e-18
-1.43368e-18
-1.42815e-18
-1.42423e-18
-1.42197e-18
-1.42429e-18
-1.43447e-18
-1.4245e-18
-1.42955e-18
-1.42569e-18
-1.4209e-18
-1.42841e-18
-1.43578e-18
-1.43208e-18
-1.41949e-18
-1.42013e-18
-1.41069e-18
-1.4088e-18
-1.40925e-18
-1.38821e-18
-1.38934e-18
-1.39194e-18
-1.38443e-18
-1.36211e-18
-1.35332e-18
-1.34927e-18
-1.35809e-18
-1.35412e-18
-1.34082e-18
-1.33463e-18
-1.32733e-18
-1.31779e-18
-1.30278e-18
-1.30129e-18
-1.30579e-18
-1.29966e-18
-1.30074e-18
-1.30942e-18
-1.31681e-18
-1.31783e-18
-1.31388e-18
-1.30537e-18
-1.33495e-18
-1.33235e-18
-1.32036e-18
-1.32016e-18
-1.31699e-18
-1.32993e-18
-1.3336e-18
-1.33621e-18
-1.33424e-18
-1.33557e-18
-1.30166e-18
-1.30964e-18
-1.31145e-18
-1.30261e-18
-1.29468e-18
-1.31935e-18
-1.31311e-18
-1.32079e-18
-1.32137e-18
-1.32497e-18
-1.33258e-18
-1.30791e-18
-1.29045e-18
-1.29153e-18
-1.28782e-18
-1.28682e-18
-1.29951e-18
-1.30738e-18
-1.30756e-18
-1.31568e-18
-1.33654e-18
-1.33796e-18
-1.331e-18
-1.34461e-18
-1.33951e-18
-1.32338e-18
-1.33021e-18
-1.34516e-18
-1.35043e-18
-1.33872e-18
-1.33166e-18
-1.32824e-18
-1.33205e-18
-1.3381e-18
-1.33621e-18
-1.33507e-18
-1.33707e-18
-1.3287e-18
-1.35177e-18
-1.36725e-18
-1.37442e-18
-1.35489e-18
-1.36507e-18
-1.37402e-18
-1.36667e-18
-1.36818e-18
-1.35632e-18
-1.3671e-18
-1.35105e-18
-1.35755e-18
-1.34901e-18
-1.33771e-18
-1.34636e-18
-1.34267e-18
-1.34682e-18
-1.36269e-18
-1.36396e-18
-1.36366e-18
-1.37375e-18
-1.36272e-18
-1.344e-18
-1.32822e-18
-1.32614e-18
-1.33366e-18
-1.32339e-18
-1.32647e-18
-1.34772e-18
-1.3453e-18
-1.34013e-18
-1.33015e-18
-1.32431e-18
-1.31893e-18
-1.32057e-18
-1.31667e-18
-1.30175e-18
-1.3015e-18
-1.31052e-18
-1.29904e-18
-1.29307e-18
-1.27735e-18
-1.27493e-18
-1.2949e-18
-1.30658e-18
-1.30623e-18
-1.30356e-18
-1.31494e-18
-1.33464e-18
-1.32499e-18
-1.31344e-18
-1.32098e-18
-1.31584e-18
-1.31728e-18
-1.31841e-18
-1.30822e-18
-1.31795e-18
-1.33218e-18
-1.32525e-18
-1.32858e-18
-1.33706e-18
-1.34909e-18
-1.35167e-18
-1.36679e-18
-1.35622e-18
-1.37724e-18
-1.38086e-18
-1.3971e-18
-1.40464e-18
-1.40368e-18
-1.40713e-18
-1.42229e-18
-1.41536e-18
-1.41551e-18
-1.42648e-18
-1.41793e-18
-1.42576e-18
-1.42335e-18
-1.42428e-18
-1.40892e-18
-1.40859e-18
-1.40987e-18
-1.42356e-18
-1.44142e-18
-1.43164e-18
-1.42311e-18
-1.3961e-18
-1.38726e-18
-1.38491e-18
-1.38401e-18
-1.38846e-18
-1.387e-18
-1.39661e-18
-1.39522e-18
-1.38878e-18
-1.39503e-18
-1.38844e-18
-1.39727e-18
-1.38743e-18
-1.39098e-18
-1.39506e-18
-1.38544e-18
-1.3885e-18
-1.39186e-18
-1.38717e-18
-1.38631e-18
-1.389e-18
-1.37976e-18
-1.39477e-18
-1.40641e-18
-1.3971e-18
-1.39969e-18
-1.4005e-18
-1.37954e-18
-1.38941e-18
-1.40255e-18
-1.40601e-18
-1.39497e-18
-1.3728e-18
-1.37285e-18
-1.37694e-18
-1.37791e-18
-1.37154e-18
-1.36083e-18
-1.37116e-18
-1.38198e-18
-1.36758e-18
-1.35839e-18
-1.36252e-18
-1.34711e-18
-1.34059e-18
-1.34747e-18
-1.35079e-18
-1.35028e-18
-1.35493e-18
-1.35093e-18
-1.35403e-18
-1.34726e-18
-1.34851e-18
-1.34329e-18
-1.35241e-18
-1.34702e-18
-1.34607e-18
-1.36113e-18
-1.36295e-18
-1.37116e-18
-1.3801e-18
-1.388e-18
-1.39102e-18
-1.38987e-18
-1.40715e-18
-1.40336e-18
-1.40636e-18
-1.40211e-18
-1.42087e-18
-1.42364e-18
-1.41596e-18
-1.41909e-18
-1.4455e-18
-1.43533e-18
-1.43081e-18
-1.41799e-18
-1.40972e-18
-1.41173e-18
-1.42576e-18
-1.41542e-18
-1.4124e-18
-1.41275e-18
-1.41329e-18
-1.39864e-18
-1.39355e-18
-1.38152e-18
-1.37489e-18
-1.37421e-18
-1.35737e-18
-1.34893e-18
-1.3492e-18
-1.34296e-18
-1.33787e-18
-1.37258e-18
-1.38147e-18
-1.38154e-18
-1.37475e-18
-1.36796e-18
-1.37815e-18
-1.37774e-18
-1.37884e-18
-1.36945e-18
-1.36356e-18
-1.36121e-18
-1.35565e-18
-1.34784e-18
-1.33819e-18
-1.33166e-18
-1.34268e-18
-1.32093e-18
-1.33261e-18
-1.32372e-18
-1.32704e-18
-1.31188e-18
-1.30222e-18
-1.2892e-18
-1.25559e-18
-1.25537e-18
-1.25587e-18
-1.26028e-18
-1.26192e-18
-1.26611e-18
-1.25371e-18
-1.25143e-18
-1.269e-18
-1.26596e-18
-1.2725e-18
-1.26059e-18
-1.26745e-18
-1.2693e-18
-1.28386e-18
-1.28631e-18
-1.30685e-18
-1.30724e-18
-1.30302e-18
-1.30431e-18
-1.28547e-18
-1.29783e-18
-1.30394e-18
-1.2982e-18
-1.29651e-18
-1.29656e-18
-1.31647e-18
-1.31627e-18
-1.31275e-18
-1.32077e-18
-1.33929e-18
-1.35295e-18
-1.35515e-18
-1.37145e-18
-1.38374e-18
-1.37299e-18
-1.35722e-18
-1.36907e-18
-1.36231e-18
-1.37325e-18
-1.36952e-18
-1.36985e-18
-1.38854e-18
-1.37867e-18
-1.38175e-18
-1.38914e-18
-1.38274e-18
-1.40326e-18
-1.38253e-18
-1.38882e-18
-1.36188e-18
-1.35372e-18
-1.36309e-18
-1.35832e-18
-1.36846e-18
-1.38433e-18
-1.39749e-18
-1.40402e-18
-1.41586e-18
-1.3899e-18
-1.37775e-18
-1.39007e-18
-1.39075e-18
-1.38532e-18
-1.38939e-18
-1.39928e-18
-1.40427e-18
-1.40537e-18
-1.40064e-18
-1.39403e-18
-1.41137e-18
-1.40631e-18
-1.41591e-18
-1.42093e-18
-1.44415e-18
-1.45359e-18
-1.44529e-18
-1.4618e-18
-1.44597e-18
-1.44241e-18
-1.43137e-18
-1.44517e-18
-1.45364e-18
-1.47463e-18
-1.45647e-18
-1.46861e-18
-1.4741e-18
-1.47427e-18
-1.47699e-18
-1.46333e-18
-1.4514e-18
-1.44236e-18
-1.42828e-18
-1.44243e-18
-1.4496e-18
-1.43854e-18
-1.41913e-18
-1.40432e-18
-1.40698e-18
-1.41086e-18
-1.42334e-18
-1.40724e-18
-1.40907e-18
-1.40542e-18
-1.41464e-18
-1.41107e-18
-1.40437e-18
-1.41166e-18
-1.40901e-18
-1.41609e-18
-1.4148e-18
-1.4199e-18
-1.41478e-18
-1.38938e-18
-1.38811e-18
-1.40138e-18
-1.40471e-18
-1.41655e-18
-1.4211e-18
-1.40421e-18
-1.40056e-18
-1.39689e-18
-1.42493e-18
-1.43773e-18
-1.43221e-18
-1.43366e-18
-1.4225e-18
-1.39519e-18
-1.39544e-18
-1.39209e-18
-1.37612e-18
-1.39355e-18
-1.39569e-18
-1.39816e-18
-1.40635e-18
-1.4003e-18
-1.40092e-18
-1.39293e-18
-1.39588e-18
-1.4043e-18
-1.41091e-18
-1.40918e-18
-1.39644e-18
-1.41946e-18
-1.42007e-18
-1.41587e-18
-1.41244e-18
-1.40028e-18
-1.41262e-18
-1.40648e-18
-1.40434e-18
-1.41357e-18
-1.42898e-18
-1.41501e-18
-1.41441e-18
-1.40652e-18
-1.40588e-18
-1.40568e-18
-1.41101e-18
-1.42313e-18
-1.42988e-18
-1.42305e-18
-1.43339e-18
-1.43282e-18
-1.44951e-18
-1.44245e-18
-1.41958e-18
-1.43003e-18
-1.43711e-18
-1.44379e-18
-1.4511e-18
-1.45196e-18
-1.4432e-18
-1.44435e-18
-1.43299e-18
-1.44431e-18
-1.4442e-18
-1.43628e-18
-1.42337e-18
-1.41571e-18
-1.43469e-18
-1.42044e-18
-1.41124e-18
-1.41413e-18
-1.40687e-18
-1.41433e-18
-1.41592e-18
-1.40765e-18
-1.39587e-18
-1.41107e-18
-1.42874e-18
-1.43942e-18
-1.45751e-18
-1.46832e-18
-1.458e-18
-1.44249e-18
-1.41737e-18
-1.43545e-18
-1.43142e-18
-1.43676e-18
-1.44062e-18
-1.44131e-18
-1.42547e-18
-1.42677e-18
-1.43522e-18
-1.42014e-18
-1.40346e-18
-1.38388e-18
-1.39782e-18
-1.40506e-18
-1.41371e-18
-1.41641e-18
-1.42216e-18
-1.4389e-18
-1.42691e-18
-1.41558e-18
-1.41324e-18
-1.42651e-18
-1.44475e-18
-1.46747e-18
-1.45817e-18
-1.43917e-18
-1.44104e-18
-1.43465e-18
-1.4206e-18
-1.42896e-18
-1.42452e-18
-1.41294e-18
-1.42636e-18
-1.41498e-18
-1.42047e-18
-1.42943e-18
-1.42628e-18
-1.41852e-18
-1.42444e-18
-1.4212e-18
-1.42178e-18
-1.42816e-18
-1.42409e-18
-1.43898e-18
-1.43177e-18
-1.42507e-18
-1.42089e-18
-1.41743e-18
-1.42076e-18
-1.40499e-18
-1.39649e-18
-1.39384e-18
-1.40739e-18
-1.41777e-18
-1.42086e-18
-1.41829e-18
-1.43536e-18
-1.43459e-18
-1.41293e-18
-1.41557e-18
-1.44087e-18
-1.44063e-18
-1.44498e-18
-1.4409e-18
-1.44507e-18
-1.42589e-18
-1.42028e-18
-1.41634e-18
-1.41842e-18
-1.42231e-18
-1.43717e-18
-1.42688e-18
-1.42968e-18
-1.42389e-18
-1.41266e-18
-1.42566e-18
-1.42568e-18
-1.41263e-18
-1.39968e-18
-1.38289e-18
-1.38193e-18
-1.38111e-18
-1.37072e-18
-1.36553e-18
-1.37487e-18
-1.37496e-18
-1.36265e-18
-1.35173e-18
-1.32916e-18
-1.30996e-18
-1.32464e-18
-1.32438e-18
-1.33973e-18
-1.3383e-18
-1.33472e-18
-1.33634e-18
-1.34016e-18
-1.35008e-18
-1.35487e-18
-1.36402e-18
-1.37497e-18
-1.39242e-18
-1.38e-18
-1.37501e-18
-1.38333e-18
-1.39107e-18
-1.40274e-18
-1.39805e-18
-1.39432e-18
-1.38812e-18
-1.39182e-18
-1.3971e-18
-1.39325e-18
-1.38662e-18
-1.39032e-18
-1.40826e-18
-1.3986e-18
-1.39658e-18
-1.40085e-18
-1.40305e-18
-1.38955e-18
-1.39413e-18
-1.37257e-18
-1.35212e-18
-1.35951e-18
-1.33855e-18
-1.34839e-18
-1.32972e-18
-1.31778e-18
-1.33171e-18
-1.33542e-18
-1.31766e-18
-1.32811e-18
-1.33521e-18
-1.36231e-18
-1.37314e-18
-1.36345e-18
-1.3818e-18
-1.38681e-18
-1.38561e-18
-1.38549e-18
-1.37386e-18
-1.36934e-18
-1.38432e-18
-1.39042e-18
-1.39713e-18
-1.40834e-18
-1.42464e-18
-1.41249e-18
-1.39249e-18
-1.3943e-18
-1.39937e-18
-1.38446e-18
-1.39691e-18
-1.39467e-18
-1.38264e-18
-1.37291e-18
-1.35674e-18
-1.37553e-18
-1.38812e-18
-1.39698e-18
-1.41854e-18
-1.42509e-18
-1.42465e-18
-1.42492e-18
-1.41851e-18
-1.42201e-18
-1.42827e-18
-1.39466e-18
-1.40057e-18
-1.39604e-18
-1.39553e-18
-1.40835e-18
-1.40379e-18
-1.40956e-18
-1.42132e-18
-1.40921e-18
-1.40143e-18
-1.40605e-18
-1.40754e-18
-1.41269e-18
-1.39751e-18
-1.39325e-18
-1.41292e-18
-1.41404e-18
-1.4166e-18
-1.42273e-18
-1.4249e-18
-1.42384e-18
-1.42025e-18
-1.41862e-18
-1.39933e-18
-1.3904e-18
-1.39085e-18
-1.37905e-18
-1.37346e-18
-1.37407e-18
-1.3766e-18
-1.36891e-18
-1.3578e-18
-1.37785e-18
-1.38551e-18
-1.39346e-18
-1.38288e-18
-1.38018e-18
-1.36813e-18
-1.36123e-18
-1.36235e-18
-1.35704e-18
-1.38193e-18
-1.39059e-18
-1.38347e-18
-1.38752e-18
-1.37418e-18
-1.38474e-18
-1.38598e-18
-1.40387e-18
-1.38275e-18
-1.39763e-18
-1.41209e-18
-1.39609e-18
-1.39112e-18
-1.39447e-18
-1.38985e-18
-1.39888e-18
-1.40274e-18
-1.4047e-18
-1.3998e-18
-1.41565e-18
-1.40642e-18
-1.41327e-18
-1.41531e-18
-1.41055e-18
-1.41501e-18
-1.41013e-18
-1.40565e-18
-1.42211e-18
-1.42648e-18
-1.41813e-18
-1.4004e-18
-1.40573e-18
-1.40698e-18
-1.41773e-18
-1.41897e-18
-1.42481e-18
-1.44228e-18
-1.43106e-18
-1.4109e-18
-1.4189e-18
-1.42803e-18
-1.42808e-18
-1.41281e-18
-1.41842e-18
-1.41252e-18
-1.40936e-18
-1.40999e-18
-1.42257e-18
-1.42987e-18
-1.40981e-18
-1.4118e-18
-1.39992e-18
-1.40522e-18
-1.40605e-18
-1.40691e-18
-1.41383e-18
-1.4196e-18
-1.4322e-18
-1.4158e-18
-1.4076e-18
-1.40217e-18
-1.39943e-18
-1.42477e-18
-1.43371e-18
-1.43214e-18
-1.43026e-18
-1.42952e-18
-1.44193e-18
-1.43112e-18
-1.43891e-18
-1.43946e-18
-1.4427e-18
-1.45262e-18
-1.45046e-18
-1.44092e-18
-1.44747e-18
-1.42998e-18
-1.42277e-18
-1.42116e-18
-1.41526e-18
-1.42201e-18
-1.42941e-18
-1.43185e-18
-1.4284e-18
-1.42729e-18
-1.43628e-18
-1.44255e-18
-1.42545e-18
-1.42718e-18
-1.42233e-18
-1.42447e-18
-1.42223e-18
-1.41345e-18
-1.41979e-18
-1.42463e-18
-1.41421e-18
-1.40585e-18
-1.43105e-18
-1.44041e-18
-1.44043e-18
-1.41814e-18
-1.43964e-18
-1.42385e-18
-1.43323e-18
-1.45529e-18
-1.46747e-18
-1.47207e-18
-1.4793e-18
-1.46733e-18
-1.46429e-18
-1.46028e-18
-1.45971e-18
-1.46133e-18
-1.46427e-18
-1.46139e-18
-1.46661e-18
-1.46584e-18
-1.46733e-18
-1.47012e-18
-1.46741e-18
-1.46051e-18
-1.44166e-18
-1.43904e-18
-1.43918e-18
-1.44861e-18
-1.44574e-18
-1.45277e-18
-1.4649e-18
-1.46028e-18
-1.46158e-18
-1.44571e-18
-1.4634e-18
-1.46393e-18
-1.46348e-18
-1.46462e-18
-1.46197e-18
-1.46144e-18
-1.46754e-18
-1.44703e-18
-1.43744e-18
-1.42693e-18
-1.43156e-18
-1.43162e-18
-1.43573e-18
-1.43641e-18
-1.44446e-18
-1.45366e-18
-1.43449e-18
-1.43929e-18
-1.46501e-18
-1.46562e-18
-1.49309e-18
-1.48233e-18
-1.4816e-18
-1.47673e-18
-1.46653e-18
-1.47394e-18
-1.47173e-18
-1.46523e-18
-1.46561e-18
-1.45884e-18
-1.44819e-18
-1.45618e-18
-1.43789e-18
-1.43829e-18
-1.43967e-18
-1.44569e-18
-1.42781e-18
-1.43237e-18
-1.43383e-18
-1.42532e-18
-1.42831e-18
-1.4312e-18
-1.4304e-18
-1.43695e-18
-1.42673e-18
-1.46261e-18
-1.47919e-18
-1.4738e-18
-1.47967e-18
-1.48848e-18
-1.48008e-18
-1.47008e-18
-1.44774e-18
-1.46671e-18
-1.45237e-18
-1.44304e-18
-1.44616e-18
-1.43399e-18
-1.44648e-18
-1.44217e-18
-1.41919e-18
-1.42478e-18
-1.42999e-18
-1.40951e-18
-1.40936e-18
-1.38718e-18
-1.37952e-18
-1.38158e-18
-1.37482e-18
-1.38377e-18
-1.39247e-18
-1.38787e-18
-1.39397e-18
-1.41448e-18
-1.40761e-18
-1.39352e-18
-1.39934e-18
-1.39835e-18
-1.37709e-18
-1.37953e-18
-1.38824e-18
-1.40115e-18
-1.39153e-18
-1.39475e-18
-1.38944e-18
-1.39883e-18
-1.41125e-18
-1.39038e-18
-1.38428e-18
-1.40443e-18
-1.41906e-18
-1.41828e-18
-1.43146e-18
-1.429e-18
-1.44301e-18
-1.43579e-18
-1.43925e-18
-1.44913e-18
-1.4485e-18
-1.45178e-18
-1.4372e-18
-1.44354e-18
-1.44948e-18
-1.44318e-18
-1.43692e-18
-1.44506e-18
-1.4432e-18
-1.44782e-18
-1.47086e-18
-1.46888e-18
-1.46862e-18
-1.46336e-18
-1.46033e-18
-1.44936e-18
-1.43407e-18
-1.42409e-18
-1.41716e-18
-1.40404e-18
-1.41964e-18
-1.43905e-18
-1.4361e-18
-1.42606e-18
-1.42833e-18
-1.44878e-18
-1.44645e-18
-1.44362e-18
-1.43894e-18
-1.42713e-18
-1.4234e-18
-1.42646e-18
-1.42081e-18
-1.43093e-18
-1.42344e-18
-1.42376e-18
-1.42953e-18
-1.42994e-18
-1.42655e-18
-1.42847e-18
-1.42137e-18
-1.41879e-18
-1.40726e-18
-1.40986e-18
-1.41369e-18
-1.43579e-18
-1.42731e-18
-1.43447e-18
-1.42288e-18
-1.42816e-18
-1.43622e-18
-1.43701e-18
-1.43037e-18
-1.44499e-18
-1.43875e-18
-1.4359e-18
-1.4449e-18
-1.44178e-18
-1.45069e-18
-1.43919e-18
-1.45162e-18
-1.42617e-18
-1.44476e-18
-1.44312e-18
-1.45171e-18
-1.44964e-18
-1.44876e-18
-1.47274e-18
-1.46861e-18
-1.46303e-18
-1.46621e-18
-1.45526e-18
-1.44301e-18
-1.44878e-18
-1.45027e-18
-1.43869e-18
-1.44275e-18
-1.45474e-18
-1.46248e-18
-1.4378e-18
-1.44402e-18
-1.43155e-18
-1.40752e-18
-1.409e-18
-1.40387e-18
-1.40543e-18
-1.39582e-18
-1.39565e-18
-1.401e-18
-1.4087e-18
-1.42701e-18
-1.42814e-18
-1.43484e-18
-1.4295e-18
-1.43407e-18
-1.44084e-18
-1.44731e-18
-1.45405e-18
-1.46337e-18
-1.46638e-18
-1.46471e-18
-1.45683e-18
-1.45715e-18
-1.46647e-18
-1.4418e-18
-1.43622e-18
-1.42425e-18
-1.42239e-18
-1.43856e-18
-1.42499e-18
-1.41297e-18
-1.40682e-18
-1.40617e-18
-1.39189e-18
-1.38156e-18
-1.39129e-18
-1.38206e-18
-1.3792e-18
-1.3874e-18
-1.3976e-18
-1.41632e-18
-1.4045e-18
-1.40638e-18
-1.41604e-18
-1.43629e-18
-1.45338e-18
-1.44326e-18
-1.45144e-18
-1.4378e-18
-1.42394e-18
-1.4319e-18
-1.44568e-18
-1.44065e-18
-1.43937e-18
-1.44006e-18
-1.4536e-18
-1.45221e-18
-1.46024e-18
-1.45165e-18
-1.44608e-18
-1.45692e-18
-1.46264e-18
-1.45984e-18
-1.47028e-18
-1.47807e-18
-1.4784e-18
-1.48074e-18
-1.46297e-18
-1.45399e-18
-1.44595e-18
-1.4431e-18
-1.44004e-18
-1.44064e-18
-1.4236e-18
-1.41131e-18
-1.41645e-18
-1.41455e-18
-1.40138e-18
-1.39971e-18
-1.40429e-18
-1.40205e-18
-1.3901e-18
-1.39247e-18
-1.40168e-18
-1.39272e-18
-1.37911e-18
-1.35547e-18
-1.37937e-18
-1.39712e-18
-1.39346e-18
-1.39209e-18
-1.39025e-18
-1.38224e-18
-1.3847e-18
-1.37927e-18
-1.36525e-18
-1.36209e-18
-1.3545e-18
-1.3479e-18
-1.37115e-18
-1.37339e-18
-1.37264e-18
-1.37269e-18
-1.35994e-18
-1.35631e-18
-1.36377e-18
-1.36565e-18
-1.36796e-18
-1.37506e-18
-1.38634e-18
-1.39248e-18
-1.39792e-18
-1.42629e-18
-1.41116e-18
-1.41522e-18
-1.40422e-18
-1.40938e-18
-1.40007e-18
-1.39841e-18
-1.40332e-18
-1.4109e-18
-1.40259e-18
-1.4069e-18
-1.40983e-18
-1.39408e-18
-1.39525e-18
-1.39011e-18
-1.39091e-18
-1.3895e-18
-1.38567e-18
-1.36938e-18
-1.37104e-18
-1.36689e-18
-1.38093e-18
-1.39447e-18
-1.38768e-18
-1.38969e-18
-1.39029e-18
-1.37477e-18
-1.36697e-18
-1.37529e-18
-1.356e-18
-1.35522e-18
-1.35695e-18
-1.35623e-18
-1.35032e-18
-1.33934e-18
-1.35394e-18
-1.35962e-18
-1.38004e-18
-1.37586e-18
-1.36327e-18
-1.35666e-18
-1.35313e-18
-1.35922e-18
-1.35001e-18
-1.33729e-18
-1.32721e-18
-1.33741e-18
-1.33437e-18
-1.34666e-18
-1.35826e-18
-1.37018e-18
-1.37854e-18
-1.39963e-18
-1.37928e-18
-1.37565e-18
-1.38205e-18
-1.38293e-18
-1.38497e-18
-1.37759e-18
-1.38587e-18
-1.38861e-18
-1.37354e-18
-1.37484e-18
-1.35648e-18
-1.37058e-18
-1.38358e-18
-1.37937e-18
-1.36529e-18
-1.36607e-18
-1.37584e-18
-1.37391e-18
-1.37631e-18
-1.37847e-18
-1.3631e-18
-1.35354e-18
-1.34947e-18
-1.33e-18
-1.31172e-18
-1.33289e-18
-1.34165e-18
-1.35282e-18
-1.36837e-18
-1.3708e-18
-1.36601e-18
-1.36178e-18
-1.39067e-18
-1.37852e-18
-1.38533e-18
-1.37754e-18
-1.36445e-18
-1.35139e-18
-1.35707e-18
-1.35641e-18
-1.34004e-18
-1.35348e-18
-1.35399e-18
-1.3511e-18
-1.37387e-18
-1.375e-18
-1.37659e-18
-1.37441e-18
-1.37846e-18
-1.37054e-18
-1.37762e-18
-1.39041e-18
-1.38894e-18
-1.38455e-18
-1.39392e-18
-1.39337e-18
-1.38661e-18
-1.40189e-18
-1.41917e-18
-1.40823e-18
-1.38866e-18
-1.38612e-18
-1.39018e-18
-1.40368e-18
-1.39201e-18
-1.38121e-18
-1.39207e-18
-1.37355e-18
-1.37257e-18
-1.37919e-18
-1.35856e-18
-1.36841e-18
-1.37373e-18
-1.36258e-18
-1.35652e-18
-1.3634e-18
-1.35445e-18
-1.36324e-18
-1.35055e-18
-1.35029e-18
-1.35488e-18
-1.35975e-18
-1.35835e-18
-1.36541e-18
-1.36305e-18
-1.37579e-18
-1.36946e-18
-1.37769e-18
-1.37437e-18
-1.37122e-18
-1.35118e-18
-1.34293e-18
-1.33817e-18
-1.34195e-18
-1.33987e-18
-1.35535e-18
-1.36387e-18
-1.36135e-18
-1.37357e-18
-1.36694e-18
-1.37401e-18
-1.35905e-18
-1.36942e-18
-1.37408e-18
-1.36382e-18
-1.35866e-18
-1.35171e-18
-1.33238e-18
-1.32643e-18
-1.31543e-18
-1.32529e-18
-1.32996e-18
-1.34445e-18
-1.35366e-18
-1.33876e-18
-1.3297e-18
-1.32648e-18
-1.33144e-18
-1.34211e-18
-1.33466e-18
-1.35658e-18
-1.35153e-18
-1.33001e-18
-1.32075e-18
-1.31532e-18
-1.3285e-18
-1.33498e-18
-1.31619e-18
-1.32919e-18
-1.3474e-18
-1.35128e-18
-1.35395e-18
-1.34888e-18
-1.34493e-18
-1.35509e-18
-1.35125e-18
-1.34793e-18
-1.34884e-18
-1.35796e-18
-1.34454e-18
-1.34639e-18
-1.37192e-18
-1.37714e-18
-1.36954e-18
-1.33915e-18
-1.3369e-18
-1.34058e-18
-1.33597e-18
-1.3627e-18
-1.35788e-18
-1.37493e-18
-1.37369e-18
-1.37973e-18
-1.36189e-18
-1.36542e-18
-1.36985e-18
-1.37913e-18
-1.38501e-18
-1.37926e-18
-1.37944e-18
-1.36739e-18
-1.36496e-18
-1.36882e-18
-1.3604e-18
-1.37779e-18
-1.39007e-18
-1.3922e-18
-1.42043e-18
-1.4325e-18
-1.44078e-18
-1.43547e-18
-1.43239e-18
-1.43326e-18
-1.44237e-18
-1.43726e-18
-1.42947e-18
-1.43946e-18
-1.45382e-18
-1.44722e-18
-1.45747e-18
-1.45589e-18
-1.45817e-18
-1.46308e-18
-1.4537e-18
-1.44558e-18
-1.44263e-18
-1.4598e-18
-1.45219e-18
-1.4357e-18
-1.42792e-18
-1.4116e-18
-1.43153e-18
-1.43169e-18
-1.45e-18
-1.44969e-18
-1.45136e-18
-1.44726e-18
-1.45181e-18
-1.4576e-18
-1.47076e-18
-1.44842e-18
-1.43912e-18
-1.43868e-18
-1.43104e-18
-1.42826e-18
-1.4213e-18
-1.42023e-18
-1.40442e-18
-1.39852e-18
-1.39105e-18
-1.3929e-18
-1.42377e-18
-1.40947e-18
-1.41162e-18
-1.40355e-18
-1.39921e-18
-1.38153e-18
-1.38471e-18
-1.38615e-18
-1.36423e-18
-1.36048e-18
-1.3689e-18
-1.34763e-18
-1.35067e-18
-1.33233e-18
-1.32961e-18
-1.31831e-18
-1.3285e-18
-1.31246e-18
-1.29342e-18
-1.29245e-18
-1.28547e-18
-1.28671e-18
-1.29786e-18
-1.30795e-18
-1.30418e-18
-1.29474e-18
-1.29304e-18
-1.2903e-18
-1.3024e-18
-1.30358e-18
-1.301e-18
-1.31933e-18
-1.30789e-18
-1.32203e-18
-1.32041e-18
-1.30379e-18
-1.31508e-18
-1.31977e-18
-1.30976e-18
-1.31826e-18
-1.33429e-18
-1.32639e-18
-1.32159e-18
-1.32544e-18
-1.32188e-18
-1.33894e-18
-1.34501e-18
-1.33843e-18
-1.33344e-18
-1.34252e-18
-1.35127e-18
-1.3542e-18
-1.34381e-18
-1.33933e-18
-1.34142e-18
-1.3456e-18
-1.35123e-18
-1.33373e-18
-1.33735e-18
-1.33857e-18
-1.33944e-18
-1.33995e-18
-1.34861e-18
-1.3655e-18
-1.36485e-18
-1.36874e-18
-1.37561e-18
-1.36908e-18
-1.35791e-18
-1.33678e-18
-1.33477e-18
-1.33691e-18
-1.35504e-18
-1.3472e-18
-1.35123e-18
-1.36819e-18
-1.37518e-18
-1.37327e-18
-1.36234e-18
-1.36527e-18
-1.35218e-18
-1.35493e-18
-1.35174e-18
-1.36726e-18
-1.36644e-18
-1.36417e-18
-1.36115e-18
-1.36262e-18
-1.37438e-18
-1.36573e-18
-1.37172e-18
-1.3855e-18
-1.38196e-18
-1.38012e-18
-1.35931e-18
-1.36636e-18
-1.37461e-18
-1.37441e-18
-1.37371e-18
-1.36091e-18
-1.34201e-18
-1.34004e-18
-1.34747e-18
-1.36088e-18
-1.35574e-18
-1.3603e-18
-1.3633e-18
-1.35793e-18
-1.35201e-18
-1.34316e-18
-1.36069e-18
-1.3653e-18
-1.35677e-18
-1.34352e-18
-1.3565e-18
-1.34485e-18
-1.35665e-18
-1.34193e-18
-1.32552e-18
-1.33264e-18
-1.30223e-18
-1.30366e-18
-1.32689e-18
-1.33847e-18
-1.34978e-18
-1.36023e-18
-1.3445e-18
-1.35933e-18
-1.38474e-18
-1.38304e-18
-1.3601e-18
-1.36233e-18
-1.36122e-18
-1.3704e-18
-1.36599e-18
-1.39002e-18
-1.39718e-18
-1.40381e-18
-1.4094e-18
-1.40782e-18
-1.41482e-18
-1.41052e-18
-1.41166e-18
-1.41928e-18
-1.41087e-18
-1.40087e-18
-1.39428e-18
-1.38572e-18
-1.3974e-18
-1.40145e-18
-1.37761e-18
-1.3979e-18
-1.4216e-18
-1.42766e-18
-1.42859e-18
-1.42954e-18
-1.39222e-18
-1.39914e-18
-1.40669e-18
-1.414e-18
-1.4224e-18
-1.43038e-18
-1.43692e-18
-1.42844e-18
-1.41343e-18
-1.39534e-18
-1.40074e-18
-1.40698e-18
-1.39811e-18
-1.41714e-18
-1.41322e-18
-1.41665e-18
-1.42576e-18
-1.42902e-18
-1.43175e-18
-1.43684e-18
-1.43369e-18
-1.42861e-18
-1.43022e-18
-1.44563e-18
-1.44533e-18
-1.43916e-18
-1.4345e-18
-1.42989e-18
-1.41728e-18
-1.39301e-18
-1.39545e-18
-1.40787e-18
-1.40435e-18
-1.41085e-18
-1.41179e-18
-1.39697e-18
-1.39375e-18
-1.40217e-18
-1.39401e-18
-1.38556e-18
-1.39657e-18
-1.39838e-18
-1.3975e-18
-1.40327e-18
-1.40717e-18
-1.40822e-18
-1.4092e-18
-1.40273e-18
-1.39985e-18
-1.4197e-18
-1.414e-18
-1.39862e-18
-1.40898e-18
-1.41227e-18
-1.41375e-18
-1.42267e-18
-1.42527e-18
-1.40748e-18
-1.40884e-18
-1.41943e-18
-1.42518e-18
-1.43316e-18
-1.4266e-18
-1.4223e-18
-1.41167e-18
-1.39179e-18
-1.39589e-18
-1.38522e-18
-1.38929e-18
-1.39725e-18
-1.38497e-18
-1.39048e-18
-1.39002e-18
-1.38587e-18
-1.38817e-18
-1.41129e-18
-1.41843e-18
-1.42174e-18
-1.4057e-18
-1.40479e-18
-1.41482e-18
-1.40172e-18
-1.39473e-18
-1.38046e-18
-1.40234e-18
-1.4056e-18
-1.41309e-18
-1.42339e-18
-1.41923e-18
-1.4055e-18
-1.39734e-18
-1.38172e-18
-1.38541e-18
-1.3771e-18
-1.37101e-18
-1.36272e-18
-1.36091e-18
-1.35399e-18
-1.348e-18
-1.34651e-18
-1.37059e-18
-1.35884e-18
-1.37194e-18
-1.35512e-18
-1.3726e-18
-1.39507e-18
-1.39179e-18
-1.39493e-18
-1.40157e-18
-1.40044e-18
-1.39411e-18
-1.38227e-18
-1.41232e-18
-1.39226e-18
-1.38548e-18
-1.38644e-18
-1.39344e-18
-1.40277e-18
-1.40339e-18
-1.40679e-18
-1.40737e-18
-1.3935e-18
-1.38076e-18
-1.38474e-18
-1.3892e-18
-1.39655e-18
-1.40044e-18
-1.39622e-18
-1.39208e-18
-1.36416e-18
-1.37186e-18
-1.35535e-18
-1.36104e-18
-1.35238e-18
-1.36346e-18
-1.37438e-18
-1.3601e-18
-1.36911e-18
-1.37372e-18
-1.36107e-18
-1.37122e-18
-1.39643e-18
-1.39262e-18
-1.39836e-18
-1.40207e-18
-1.38071e-18
-1.38361e-18
-1.38218e-18
-1.37026e-18
-1.37478e-18
-1.39028e-18
-1.40274e-18
-1.39531e-18
-1.39908e-18
-1.39616e-18
-1.39969e-18
-1.41399e-18
-1.41255e-18
-1.41203e-18
-1.39645e-18
-1.40181e-18
-1.41865e-18
-1.43422e-18
-1.42693e-18
-1.42398e-18
-1.4112e-18
-1.41698e-18
-1.40207e-18
-1.40293e-18
-1.4081e-18
-1.41503e-18
-1.40898e-18
-1.40742e-18
-1.42075e-18
-1.43142e-18
-1.44041e-18
-1.43624e-18
-1.43897e-18
-1.44899e-18
-1.43957e-18
-1.42771e-18
-1.41531e-18
-1.41883e-18
-1.40552e-18
-1.41623e-18
-1.41956e-18
-1.40712e-18
-1.40606e-18
-1.4031e-18
-1.41277e-18
-1.42766e-18
-1.41259e-18
-1.41585e-18
-1.421e-18
-1.43471e-18
-1.41845e-18
-1.43142e-18
-1.42587e-18
-1.41204e-18
-1.40654e-18
-1.42599e-18
-1.4275e-18
-1.43697e-18
-1.44346e-18
-1.45477e-18
-1.46848e-18
-1.46177e-18
-1.4543e-18
-1.44916e-18
-1.46139e-18
-1.44156e-18
-1.43626e-18
-1.43168e-18
-1.41141e-18
-1.3997e-18
-1.41519e-18
-1.43473e-18
-1.41621e-18
-1.41375e-18
-1.42377e-18
-1.43677e-18
-1.43519e-18
-1.39775e-18
-1.41027e-18
-1.40163e-18
-1.40263e-18
-1.42242e-18
-1.42782e-18
-1.43589e-18
-1.44068e-18
-1.44929e-18
-1.4379e-18
-1.43176e-18
-1.43199e-18
-1.42567e-18
-1.42935e-18
-1.42897e-18
-1.43613e-18
-1.43968e-18
-1.4141e-18
-1.39225e-18
-1.38906e-18
-1.38737e-18
-1.37822e-18
-1.36676e-18
-1.37711e-18
-1.38048e-18
-1.3567e-18
-1.35666e-18
-1.35592e-18
-1.37555e-18
-1.38763e-18
-1.38331e-18
-1.38187e-18
-1.38642e-18
-1.35807e-18
-1.35123e-18
-1.36489e-18
-1.34423e-18
-1.3482e-18
-1.3521e-18
-1.3536e-18
-1.34505e-18
-1.34422e-18
-1.34499e-18
-1.3434e-18
-1.35512e-18
-1.35089e-18
-1.35313e-18
-1.38585e-18
-1.38583e-18
-1.36826e-18
-1.36246e-18
-1.34584e-18
-1.36143e-18
-1.35342e-18
-1.34609e-18
-1.34475e-18
-1.33694e-18
-1.32591e-18
-1.32463e-18
-1.33729e-18
-1.32905e-18
-1.32154e-18
-1.3384e-18
-1.33403e-18
-1.3327e-18
-1.33791e-18
-1.32633e-18
-1.33713e-18
-1.32605e-18
-1.31054e-18
-1.30951e-18
-1.30734e-18
-1.29504e-18
-1.28767e-18
-1.26915e-18
-1.29857e-18
-1.30032e-18
-1.28077e-18
-1.29958e-18
-1.2965e-18
-1.31678e-18
-1.3074e-18
-1.32122e-18
-1.31532e-18
-1.31987e-18
-1.31544e-18
-1.30653e-18
-1.29309e-18
-1.29298e-18
-1.29355e-18
-1.27782e-18
-1.27305e-18
-1.29294e-18
-1.29501e-18
-1.28234e-18
-1.26748e-18
-1.26944e-18
-1.25856e-18
-1.27119e-18
-1.25685e-18
-1.25163e-18
-1.25414e-18
-1.23809e-18
-1.22311e-18
-1.2301e-18
-1.25008e-18
-1.25326e-18
-1.2684e-18
-1.30297e-18
-1.32458e-18
-1.33038e-18
-1.32226e-18
-1.33405e-18
-1.32814e-18
-1.31157e-18
-1.32247e-18
-1.32785e-18
-1.33088e-18
-1.32279e-18
-1.32205e-18
-1.32296e-18
-1.32459e-18
-1.33546e-18
-1.33733e-18
-1.35417e-18
-1.36074e-18
-1.37718e-18
-1.38837e-18
-1.39397e-18
-1.40125e-18
-1.39295e-18
-1.389e-18
-1.3847e-18
-1.33961e-18
-1.34204e-18
-1.32536e-18
-1.3526e-18
-1.35261e-18
-1.33891e-18
-1.3278e-18
-1.34332e-18
-1.35466e-18
-1.34893e-18
-1.35779e-18
-1.34267e-18
-1.34617e-18
-1.33143e-18
-1.3351e-18
-1.33273e-18
-1.3484e-18
-1.36117e-18
-1.37215e-18
-1.37476e-18
-1.37052e-18
-1.38396e-18
-1.40096e-18
-1.40164e-18
-1.40815e-18
-1.39792e-18
-1.38659e-18
-1.36869e-18
-1.37161e-18
-1.39051e-18
-1.40038e-18
-1.41061e-18
-1.42618e-18
-1.41976e-18
-1.42564e-18
-1.4059e-18
-1.41554e-18
-1.42842e-18
-1.42475e-18
-1.4202e-18
-1.41469e-18
-1.39965e-18
-1.40207e-18
-1.41011e-18
-1.4188e-18
-1.41331e-18
-1.38891e-18
-1.38079e-18
-1.38108e-18
-1.37951e-18
-1.35517e-18
-1.3697e-18
-1.35458e-18
-1.36524e-18
-1.35805e-18
-1.35426e-18
-1.36562e-18
-1.37001e-18
-1.36005e-18
-1.36971e-18
-1.36337e-18
-1.35433e-18
-1.35459e-18
-1.34065e-18
-1.36071e-18
-1.37105e-18
-1.36967e-18
-1.37837e-18
-1.3848e-18
-1.39111e-18
-1.3829e-18
-1.38601e-18
-1.40853e-18
-1.39764e-18
-1.41969e-18
-1.39604e-18
-1.39247e-18
-1.40328e-18
-1.38389e-18
-1.38793e-18
-1.38961e-18
-1.41026e-18
-1.42308e-18
-1.41548e-18
-1.41875e-18
-1.4314e-18
-1.44374e-18
-1.42705e-18
-1.42632e-18
-1.42814e-18
-1.40984e-18
-1.40607e-18
-1.40283e-18
-1.39984e-18
-1.40892e-18
-1.39777e-18
-1.3954e-18
-1.39746e-18
-1.399e-18
-1.40228e-18
-1.39321e-18
-1.37664e-18
-1.37419e-18
-1.36535e-18
-1.3906e-18
-1.38651e-18
-1.35548e-18
-1.35509e-18
-1.35647e-18
-1.35107e-18
-1.34446e-18
-1.33689e-18
-1.33775e-18
-1.32962e-18
-1.31694e-18
-1.33008e-18
-1.33426e-18
-1.33161e-18
-1.32078e-18
-1.33053e-18
-1.35101e-18
-1.37105e-18
-1.37285e-18
-1.37947e-18
-1.38657e-18
-1.40186e-18
-1.3907e-18
-1.39575e-18
-1.3929e-18
-1.37624e-18
-1.38039e-18
-1.3882e-18
-1.38928e-18
-1.38731e-18
-1.39102e-18
-1.39535e-18
-1.39539e-18
-1.40816e-18
-1.39694e-18
-1.38957e-18
-1.39545e-18
-1.38657e-18
-1.39241e-18
-1.37199e-18
-1.36572e-18
-1.36116e-18
-1.37684e-18
-1.38134e-18
-1.37357e-18
-1.39437e-18
-1.39028e-18
-1.39989e-18
-1.38699e-18
-1.39387e-18
-1.38613e-18
-1.38546e-18
-1.37011e-18
-1.36388e-18
-1.39281e-18
-1.39288e-18
-1.39848e-18
-1.40048e-18
-1.38772e-18
-1.38953e-18
-1.39273e-18
-1.4021e-18
-1.40655e-18
-1.41345e-18
-1.42361e-18
-1.43359e-18
-1.44335e-18
-1.43856e-18
-1.44576e-18
-1.42757e-18
-1.41965e-18
-1.40176e-18
-1.39896e-18
-1.41197e-18
-1.40884e-18
-1.40583e-18
-1.40314e-18
-1.41715e-18
-1.41306e-18
-1.41846e-18
-1.41811e-18
-1.42193e-18
-1.40054e-18
-1.39541e-18
-1.38203e-18
-1.37688e-18
-1.36242e-18
-1.37097e-18
-1.36823e-18
-1.35123e-18
-1.35395e-18
-1.34596e-18
-1.35181e-18
-1.34769e-18
-1.35885e-18
-1.37547e-18
-1.39853e-18
-1.40616e-18
-1.39652e-18
-1.39952e-18
-1.41532e-18
-1.39744e-18
-1.39669e-18
-1.38341e-18
-1.39169e-18
-1.38436e-18
-1.39235e-18
-1.3955e-18
-1.40188e-18
-1.40224e-18
-1.40785e-18
-1.388e-18
-1.36367e-18
-1.35835e-18
-1.35474e-18
-1.34952e-18
-1.36237e-18
-1.37335e-18
-1.38939e-18
-1.38742e-18
-1.38816e-18
-1.3948e-18
-1.38097e-18
-1.36381e-18
-1.35413e-18
-1.34951e-18
-1.3396e-18
-1.35566e-18
-1.36975e-18
-1.36169e-18
-1.37743e-18
-1.38371e-18
-1.37494e-18
-1.37545e-18
-1.37362e-18
-1.36178e-18
-1.37013e-18
-1.38919e-18
-1.37849e-18
-1.38085e-18
-1.37977e-18
-1.40575e-18
-1.41677e-18
-1.40825e-18
-1.4099e-18
-1.40769e-18
-1.41427e-18
-1.41905e-18
-1.4131e-18
-1.39642e-18
-1.3851e-18
-1.38878e-18
-1.38703e-18
-1.3879e-18
-1.39307e-18
-1.39283e-18
-1.40253e-18
-1.40556e-18
-1.41811e-18
-1.41026e-18
-1.39375e-18
-1.40366e-18
-1.40341e-18
-1.38118e-18
-1.37316e-18
-1.37252e-18
-1.36812e-18
-1.35882e-18
-1.34283e-18
-1.35864e-18
-1.35191e-18
-1.35164e-18
-1.35558e-18
-1.35852e-18
-1.35372e-18
-1.3656e-18
-1.37619e-18
-1.39169e-18
-1.38564e-18
-1.37952e-18
-1.35792e-18
-1.34331e-18
-1.35552e-18
-1.34782e-18
-1.34104e-18
-1.35092e-18
-1.34864e-18
-1.34799e-18
-1.3488e-18
-1.34838e-18
-1.34331e-18
-1.34728e-18
-1.3471e-18
-1.3615e-18
-1.35372e-18
-1.34817e-18
-1.36277e-18
-1.37669e-18
-1.36988e-18
-1.37244e-18
-1.37797e-18
-1.3857e-18
-1.39343e-18
-1.3697e-18
-1.36285e-18
-1.37175e-18
-1.36137e-18
-1.36199e-18
-1.35467e-18
-1.36504e-18
-1.37498e-18
-1.37465e-18
-1.37204e-18
-1.38059e-18
-1.38189e-18
-1.37828e-18
-1.36136e-18
-1.3419e-18
-1.33926e-18
-1.34488e-18
-1.35109e-18
-1.36608e-18
-1.36227e-18
-1.35568e-18
-1.37128e-18
-1.36231e-18
-1.3674e-18
-1.35656e-18
-1.36117e-18
-1.37144e-18
-1.35969e-18
-1.38192e-18
-1.38576e-18
-1.38042e-18
-1.40166e-18
-1.38631e-18
-1.40238e-18
-1.40877e-18
-1.40257e-18
-1.4232e-18
-1.41401e-18
-1.41263e-18
-1.40064e-18
-1.40626e-18
-1.39708e-18
-1.40917e-18
-1.41747e-18
-1.41595e-18
-1.40908e-18
-1.41002e-18
-1.42015e-18
-1.41556e-18
-1.39797e-18
-1.39832e-18
-1.39304e-18
-1.37767e-18
-1.37607e-18
-1.3766e-18
-1.38176e-18
-1.38449e-18
-1.36202e-18
-1.35119e-18
-1.346e-18
-1.34469e-18
-1.34756e-18
-1.34425e-18
-1.34827e-18
-1.35051e-18
-1.36121e-18
-1.34884e-18
-1.34993e-18
-1.33765e-18
-1.33278e-18
-1.33074e-18
-1.33348e-18
-1.33248e-18
-1.33344e-18
-1.33457e-18
-1.32976e-18
-1.35278e-18
-1.36126e-18
-1.37692e-18
-1.38583e-18
-1.38127e-18
-1.37967e-18
-1.40001e-18
-1.40046e-18
-1.42283e-18
-1.41882e-18
-1.42226e-18
-1.42652e-18
-1.41709e-18
-1.42166e-18
-1.41798e-18
-1.40156e-18
-1.40262e-18
-1.39988e-18
-1.40787e-18
-1.40143e-18
-1.40107e-18
-1.40734e-18
-1.41188e-18
-1.41018e-18
-1.39256e-18
-1.40624e-18
-1.40566e-18
-1.39566e-18
-1.39084e-18
-1.38791e-18
-1.38667e-18
-1.36823e-18
-1.36049e-18
-1.35751e-18
-1.35774e-18
-1.35744e-18
-1.35041e-18
-1.35744e-18
-1.36222e-18
-1.37604e-18
-1.38588e-18
-1.37395e-18
-1.37869e-18
-1.38465e-18
-1.39915e-18
-1.38759e-18
-1.40123e-18
-1.38957e-18
-1.38286e-18
-1.39114e-18
-1.39299e-18
-1.40557e-18
-1.40358e-18
-1.40811e-18
-1.40797e-18
-1.41437e-18
-1.41581e-18
-1.42424e-18
-1.43397e-18
-1.42825e-18
-1.4252e-18
-1.43543e-18
-1.4221e-18
-1.44035e-18
-1.43519e-18
-1.44393e-18
-1.43681e-18
-1.42623e-18
-1.4234e-18
-1.42634e-18
-1.42483e-18
-1.41475e-18
-1.41142e-18
-1.41888e-18
-1.414e-18
-1.40062e-18
-1.39663e-18
-1.39835e-18
-1.3934e-18
-1.3769e-18
-1.35665e-18
-1.35325e-18
-1.3579e-18
-1.37546e-18
-1.37314e-18
-1.37021e-18
-1.36348e-18
-1.37632e-18
-1.38564e-18
-1.37819e-18
-1.39906e-18
-1.39772e-18
-1.40435e-18
-1.41014e-18
-1.40823e-18
-1.42789e-18
-1.42454e-18
-1.4084e-18
-1.38941e-18
-1.39466e-18
-1.41143e-18
-1.40449e-18
-1.39895e-18
-1.39971e-18
-1.42333e-18
-1.42536e-18
-1.41098e-18
-1.40971e-18
-1.41645e-18
-1.41639e-18
-1.42317e-18
-1.42898e-18
-1.39542e-18
-1.40708e-18
-1.39326e-18
-1.38859e-18
-1.39661e-18
-1.39522e-18
-1.40733e-18
-1.41027e-18
-1.4051e-18
-1.40794e-18
-1.41037e-18
-1.41962e-18
-1.41778e-18
-1.42483e-18
-1.42611e-18
-1.4126e-18
-1.40484e-18
-1.40891e-18
-1.41226e-18
-1.41771e-18
-1.41163e-18
-1.41286e-18
-1.41306e-18
-1.42218e-18
-1.43104e-18
-1.44619e-18
-1.45823e-18
-1.44949e-18
-1.45305e-18
-1.47552e-18
-1.47249e-18
-1.46709e-18
-1.45229e-18
-1.44794e-18
-1.44342e-18
-1.42592e-18
-1.41135e-18
-1.40979e-18
-1.41727e-18
-1.42496e-18
-1.42193e-18
-1.4159e-18
-1.4136e-18
-1.40754e-18
-1.40556e-18
-1.4125e-18
-1.41776e-18
-1.43123e-18
-1.42614e-18
-1.44371e-18
-1.44027e-18
-1.43987e-18
-1.42129e-18
-1.4188e-18
-1.42203e-18
-1.41993e-18
-1.4205e-18
-1.42548e-18
-1.4339e-18
-1.44398e-18
-1.43475e-18
-1.44146e-18
-1.45953e-18
-1.46881e-18
-1.46667e-18
-1.46326e-18
-1.4595e-18
-1.45395e-18
-1.44006e-18
-1.42818e-18
-1.42701e-18
-1.43759e-18
-1.4452e-18
-1.43536e-18
-1.43808e-18
-1.42378e-18
-1.40298e-18
-1.39771e-18
-1.40731e-18
-1.40407e-18
-1.39118e-18
-1.38452e-18
-1.39169e-18
-1.38855e-18
-1.38618e-18
-1.39334e-18
-1.40123e-18
-1.42208e-18
-1.43347e-18
-1.43868e-18
-1.43006e-18
-1.41861e-18
-1.43121e-18
-1.42981e-18
-1.42106e-18
-1.3986e-18
-1.41407e-18
-1.40603e-18
-1.41853e-18
-1.42855e-18
-1.42927e-18
-1.42726e-18
-1.43096e-18
-1.43045e-18
-1.43446e-18
-1.43575e-18
-1.43343e-18
-1.44176e-18
-1.43263e-18
-1.42888e-18
-1.41557e-18
-1.42025e-18
-1.409e-18
-1.41811e-18
-1.40574e-18
-1.39862e-18
-1.39871e-18
-1.38012e-18
-1.37827e-18
-1.36305e-18
-1.36547e-18
-1.37097e-18
-1.36785e-18
-1.35973e-18
-1.3503e-18
-1.34945e-18
-1.35754e-18
-1.35936e-18
-1.35933e-18
-1.362e-18
-1.35564e-18
-1.34179e-18
-1.34426e-18
-1.35469e-18
-1.34938e-18
-1.34664e-18
-1.3412e-18
-1.35285e-18
-1.36296e-18
-1.36417e-18
-1.35541e-18
-1.35797e-18
-1.36154e-18
-1.37386e-18
-1.37233e-18
-1.36728e-18
-1.35736e-18
-1.36463e-18
-1.38093e-18
-1.40406e-18
-1.4165e-18
-1.42718e-18
-1.40767e-18
-1.40029e-18
-1.41748e-18
-1.42315e-18
-1.42958e-18
-1.42784e-18
-1.43171e-18
-1.42417e-18
-1.41798e-18
-1.40506e-18
-1.4172e-18
-1.42288e-18
-1.42784e-18
-1.4356e-18
-1.42873e-18
-1.4418e-18
-1.43458e-18
-1.42752e-18
-1.41249e-18
-1.40333e-18
-1.41474e-18
-1.4282e-18
-1.43532e-18
-1.44188e-18
-1.44337e-18
-1.43115e-18
-1.43298e-18
-1.42389e-18
-1.4099e-18
-1.41834e-18
-1.41283e-18
-1.42129e-18
-1.41928e-18
-1.41138e-18
-1.4305e-18
-1.42603e-18
-1.41292e-18
-1.41425e-18
-1.41258e-18
-1.38005e-18
-1.37485e-18
-1.36853e-18
-1.38338e-18
-1.3876e-18
-1.39246e-18
-1.39631e-18
-1.38154e-18
-1.39218e-18
-1.39895e-18
-1.39498e-18
-1.39966e-18
-1.40625e-18
-1.40162e-18
-1.41456e-18
-1.42452e-18
-1.42231e-18
-1.42459e-18
-1.42714e-18
-1.43267e-18
-1.43172e-18
-1.42655e-18
-1.41872e-18
-1.41599e-18
-1.40052e-18
-1.39589e-18
-1.39855e-18
-1.40723e-18
-1.40134e-18
-1.38997e-18
-1.37807e-18
-1.37176e-18
-1.37174e-18
-1.3562e-18
-1.33922e-18
-1.34141e-18
-1.35466e-18
-1.36859e-18
-1.38083e-18
-1.37817e-18
-1.37978e-18
-1.38324e-18
-1.39232e-18
-1.38004e-18
-1.36366e-18
-1.37112e-18
-1.37428e-18
-1.36154e-18
-1.39523e-18
-1.40789e-18
-1.40749e-18
-1.40152e-18
-1.40945e-18
-1.41734e-18
-1.38658e-18
-1.386e-18
-1.37014e-18
-1.37543e-18
-1.37684e-18
-1.3801e-18
-1.38066e-18
-1.37071e-18
-1.36272e-18
-1.38369e-18
-1.39459e-18
-1.40706e-18
-1.40507e-18
-1.39919e-18
-1.41305e-18
-1.38238e-18
-1.38994e-18
-1.39282e-18
-1.40328e-18
-1.3893e-18
-1.38115e-18
-1.37914e-18
-1.37043e-18
-1.373e-18
-1.36954e-18
-1.3535e-18
-1.34834e-18
-1.33811e-18
-1.34662e-18
-1.35765e-18
-1.37421e-18
-1.36737e-18
-1.3796e-18
-1.37784e-18
-1.39155e-18
-1.39453e-18
-1.3891e-18
-1.40116e-18
-1.38972e-18
-1.37026e-18
-1.37589e-18
-1.39246e-18
-1.38751e-18
-1.39076e-18
-1.38525e-18
-1.35372e-18
-1.36435e-18
-1.37127e-18
-1.38877e-18
-1.38899e-18
-1.38132e-18
-1.39481e-18
-1.40216e-18
-1.39947e-18
-1.39423e-18
-1.38738e-18
-1.39456e-18
-1.41184e-18
-1.40914e-18
-1.40264e-18
-1.41136e-18
-1.41309e-18
-1.42183e-18
-1.42431e-18
-1.42445e-18
-1.41996e-18
-1.40612e-18
-1.41163e-18
-1.38923e-18
-1.37584e-18
-1.39397e-18
-1.39226e-18
-1.39649e-18
-1.41528e-18
-1.40489e-18
-1.4061e-18
-1.37615e-18
-1.36628e-18
-1.35558e-18
-1.33961e-18
-1.34795e-18
-1.32839e-18
-1.33269e-18
-1.32518e-18
-1.32301e-18
-1.30741e-18
-1.30318e-18
-1.3088e-18
-1.31898e-18
-1.31319e-18
-1.30609e-18
-1.30256e-18
-1.3011e-18
-1.30302e-18
-1.30576e-18
-1.31378e-18
-1.32591e-18
-1.32952e-18
-1.31817e-18
-1.29237e-18
-1.29765e-18
-1.28417e-18
-1.27885e-18
-1.27348e-18
-1.29215e-18
-1.31702e-18
-1.32868e-18
-1.32817e-18
-1.3383e-18
-1.36265e-18
-1.35792e-18
-1.34782e-18
-1.34056e-18
-1.32794e-18
-1.33755e-18
-1.33157e-18
-1.33799e-18
-1.33913e-18
-1.32544e-18
-1.33509e-18
-1.34055e-18
-1.34399e-18
-1.3455e-18
-1.3426e-18
-1.33342e-18
-1.33331e-18
-1.35794e-18
-1.34238e-18
-1.36051e-18
-1.36044e-18
-1.35758e-18
-1.3666e-18
-1.36519e-18
-1.3795e-18
-1.38541e-18
-1.37307e-18
-1.38097e-18
-1.38357e-18
-1.39904e-18
-1.40237e-18
-1.40751e-18
-1.40927e-18
-1.39077e-18
-1.39033e-18
-1.39031e-18
-1.38675e-18
-1.38951e-18
-1.40182e-18
-1.40619e-18
-1.40561e-18
-1.38699e-18
-1.38886e-18
-1.38691e-18
-1.37699e-18
-1.37537e-18
-1.37505e-18
-1.38187e-18
-1.3708e-18
-1.37616e-18
-1.39229e-18
-1.37963e-18
-1.38296e-18
-1.37379e-18
-1.37205e-18
-1.36356e-18
-1.36699e-18
-1.34891e-18
-1.36188e-18
-1.37276e-18
-1.35861e-18
-1.34705e-18
-1.34898e-18
-1.33668e-18
-1.35768e-18
-1.36099e-18
-1.36798e-18
-1.36544e-18
-1.36892e-18
-1.36237e-18
-1.35988e-18
-1.35057e-18
-1.3563e-18
-1.3441e-18
-1.3474e-18
-1.34823e-18
-1.33604e-18
-1.34008e-18
-1.34302e-18
-1.35392e-18
-1.34064e-18
-1.33812e-18
-1.33973e-18
-1.33837e-18
-1.33658e-18
-1.33083e-18
-1.33334e-18
-1.32296e-18
-1.32144e-18
-1.32446e-18
-1.32486e-18
-1.31497e-18
-1.31154e-18
-1.31253e-18
-1.3212e-18
-1.32592e-18
-1.32714e-18
-1.32102e-18
-1.32414e-18
-1.32784e-18
-1.3351e-18
-1.31939e-18
-1.33074e-18
-1.33599e-18
-1.33187e-18
-1.33276e-18
-1.31539e-18
-1.31438e-18
-1.31692e-18
-1.32258e-18
-1.32629e-18
-1.31845e-18
-1.31815e-18
-1.31839e-18
-1.31303e-18
-1.29879e-18
-1.3054e-18
-1.3157e-18
-1.32646e-18
-1.32638e-18
-1.35277e-18
-1.36347e-18
-1.34171e-18
-1.33643e-18
-1.3376e-18
-1.35486e-18
-1.35341e-18
-1.36404e-18
-1.35687e-18
-1.36489e-18
-1.36589e-18
-1.36895e-18
-1.34095e-18
-1.34771e-18
-1.35415e-18
-1.3582e-18
-1.35385e-18
-1.36143e-18
-1.376e-18
-1.37256e-18
-1.3593e-18
-1.36909e-18
-1.36759e-18
-1.38535e-18
-1.37074e-18
-1.35819e-18
-1.35819e-18
-1.37346e-18
-1.38303e-18
-1.38798e-18
-1.39825e-18
-1.4056e-18
-1.42195e-18
-1.42184e-18
-1.416e-18
-1.42139e-18
-1.42312e-18
-1.43302e-18
-1.42548e-18
-1.41888e-18
-1.41291e-18
-1.40337e-18
-1.40812e-18
-1.40852e-18
-1.40475e-18
-1.40981e-18
-1.4228e-18
-1.41929e-18
-1.41572e-18
-1.39526e-18
-1.37905e-18
-1.38963e-18
-1.38683e-18
-1.36976e-18
-1.37018e-18
-1.35353e-18
-1.35789e-18
-1.35932e-18
-1.36985e-18
-1.38885e-18
-1.39011e-18
-1.40385e-18
-1.40882e-18
-1.39873e-18
-1.40549e-18
-1.41816e-18
-1.40792e-18
-1.3986e-18
-1.39444e-18
-1.3947e-18
-1.38641e-18
-1.38901e-18
-1.3719e-18
-1.38044e-18
-1.39218e-18
-1.38998e-18
-1.38251e-18
-1.37089e-18
-1.36614e-18
-1.34764e-18
-1.36394e-18
-1.38685e-18
-1.39946e-18
-1.38468e-18
-1.38618e-18
-1.38592e-18
-1.40561e-18
-1.40293e-18
-1.39359e-18
-1.39447e-18
-1.40071e-18
-1.38945e-18
-1.39529e-18
-1.38439e-18
-1.37526e-18
-1.37607e-18
-1.36786e-18
-1.34944e-18
-1.35644e-18
-1.36218e-18
-1.36126e-18
-1.36855e-18
-1.37356e-18
-1.37569e-18
-1.36288e-18
-1.38034e-18
-1.37053e-18
-1.37088e-18
-1.37494e-18
-1.36683e-18
-1.39074e-18
-1.39368e-18
-1.38597e-18
-1.38587e-18
-1.37848e-18
-1.3779e-18
-1.39101e-18
-1.39244e-18
-1.38762e-18
-1.39322e-18
-1.40688e-18
-1.39824e-18
-1.38714e-18
-1.38088e-18
-1.37483e-18
-1.37187e-18
-1.37496e-18
-1.38574e-18
-1.38626e-18
-1.383e-18
-1.38672e-18
-1.3921e-18
-1.3937e-18
-1.39253e-18
-1.38722e-18
-1.37461e-18
-1.38091e-18
-1.37905e-18
-1.36618e-18
-1.36234e-18
-1.35243e-18
-1.35318e-18
-1.36183e-18
-1.37136e-18
-1.36954e-18
-1.38169e-18
-1.37188e-18
-1.35787e-18
-1.35429e-18
-1.37584e-18
-1.37572e-18
-1.38538e-18
-1.36657e-18
-1.35116e-18
-1.35232e-18
-1.34546e-18
-1.33732e-18
-1.33806e-18
-1.32198e-18
-1.33803e-18
-1.33602e-18
-1.33965e-18
-1.34515e-18
-1.34587e-18
-1.35047e-18
-1.359e-18
-1.34877e-18
-1.35334e-18
-1.35865e-18
-1.35148e-18
-1.3347e-18
-1.3248e-18
-1.33975e-18
-1.35354e-18
-1.34867e-18
-1.35242e-18
-1.34562e-18
-1.36294e-18
-1.3628e-18
-1.358e-18
-1.34126e-18
-1.34877e-18
-1.33762e-18
-1.35008e-18
-1.35752e-18
-1.35251e-18
-1.34405e-18
-1.32418e-18
-1.32855e-18
-1.334e-18
-1.34894e-18
-1.3347e-18
-1.3506e-18
-1.34476e-18
-1.32968e-18
-1.3181e-18
-1.32229e-18
-1.33737e-18
-1.33405e-18
-1.35099e-18
-1.34753e-18
-1.36128e-18
-1.36102e-18
-1.3539e-18
-1.3519e-18
-1.35677e-18
-1.34187e-18
-1.3387e-18
-1.33812e-18
-1.3186e-18
-1.31671e-18
-1.27735e-18
-1.26649e-18
-1.28577e-18
-1.2923e-18
-1.29674e-18
-1.31547e-18
-1.32187e-18
-1.31426e-18
-1.30481e-18
-1.30966e-18
-1.30899e-18
-1.30417e-18
-1.32752e-18
-1.33362e-18
-1.34854e-18
-1.34059e-18
-1.32713e-18
-1.32834e-18
-1.32967e-18
-1.32845e-18
-1.34731e-18
-1.37605e-18
-1.3719e-18
-1.36599e-18
-1.35598e-18
-1.35755e-18
-1.37317e-18
-1.37708e-18
-1.37403e-18
-1.36768e-18
-1.36551e-18
-1.38099e-18
-1.37241e-18
-1.37612e-18
-1.36712e-18
-1.36405e-18
-1.35193e-18
-1.36376e-18
-1.35326e-18
-1.35755e-18
-1.37609e-18
-1.36766e-18
-1.37486e-18
-1.36528e-18
-1.37895e-18
-1.39646e-18
-1.39768e-18
-1.39581e-18
-1.39315e-18
-1.38711e-18
-1.40831e-18
-1.39566e-18
-1.38834e-18
-1.37832e-18
-1.36941e-18
-1.37481e-18
-1.3864e-18
-1.36665e-18
-1.38505e-18
-1.39548e-18
-1.38256e-18
-1.38234e-18
-1.37395e-18
-1.37812e-18
-1.3934e-18
-1.39022e-18
-1.38978e-18
-1.39539e-18
-1.38801e-18
-1.40126e-18
-1.39301e-18
-1.37629e-18
-1.37268e-18
-1.39301e-18
-1.40219e-18
-1.39911e-18
-1.39167e-18
-1.40433e-18
-1.4159e-18
-1.40247e-18
-1.40781e-18
-1.41913e-18
-1.41478e-18
-1.40968e-18
-1.44028e-18
-1.42681e-18
-1.4155e-18
-1.41115e-18
-1.39396e-18
-1.39663e-18
-1.40808e-18
-1.41291e-18
-1.41549e-18
-1.42391e-18
-1.41864e-18
-1.42758e-18
-1.41588e-18
-1.41768e-18
-1.43608e-18
-1.44723e-18
-1.45167e-18
-1.471e-18
-1.48301e-18
-1.47625e-18
-1.46562e-18
-1.44445e-18
-1.44383e-18
-1.44981e-18
-1.432e-18
-1.4273e-18
-1.40819e-18
-1.40592e-18
-1.39567e-18
-1.3857e-18
-1.38178e-18
-1.38037e-18
-1.40183e-18
-1.39381e-18
-1.40056e-18
-1.4066e-18
-1.40243e-18
-1.41599e-18
-1.42323e-18
-1.42308e-18
-1.42263e-18
-1.42415e-18
-1.4184e-18
-1.41301e-18
-1.4027e-18
-1.39256e-18
-1.37688e-18
-1.37792e-18
-1.39576e-18
-1.38062e-18
-1.38536e-18
-1.40634e-18
-1.41722e-18
-1.40482e-18
-1.39973e-18
-1.39863e-18
-1.40542e-18
-1.41816e-18
-1.42866e-18
-1.43494e-18
-1.44007e-18
-1.42954e-18
-1.43544e-18
-1.42822e-18
-1.43595e-18
-1.44347e-18
-1.4503e-18
-1.44403e-18
-1.4342e-18
-1.44394e-18
-1.42641e-18
-1.41494e-18
-1.42021e-18
-1.40091e-18
-1.40867e-18
-1.40572e-18
-1.4077e-18
-1.38829e-18
-1.38242e-18
-1.39105e-18
-1.38821e-18
-1.39307e-18
-1.40222e-18
-1.41771e-18
-1.42559e-18
-1.41062e-18
-1.42175e-18
-1.43126e-18
-1.43004e-18
-1.42154e-18
-1.4143e-18
-1.40305e-18
-1.39444e-18
-1.37941e-18
-1.37753e-18
-1.36245e-18
-1.35818e-18
-1.35028e-18
-1.34622e-18
-1.35266e-18
-1.37103e-18
-1.38243e-18
-1.36511e-18
-1.38514e-18
-1.38225e-18
-1.38053e-18
-1.37567e-18
-1.38128e-18
-1.38323e-18
-1.40003e-18
-1.40327e-18
-1.42542e-18
-1.43105e-18
-1.42559e-18
-1.41539e-18
-1.42236e-18
-1.41296e-18
-1.4083e-18
-1.39709e-18
-1.3942e-18
-1.38029e-18
-1.3752e-18
-1.38415e-18
-1.39131e-18
-1.38592e-18
-1.37714e-18
-1.36907e-18
-1.36637e-18
-1.37731e-18
-1.38859e-18
-1.39244e-18
-1.39498e-18
-1.39284e-18
-1.39541e-18
-1.38367e-18
-1.38992e-18
-1.39405e-18
-1.39238e-18
-1.38691e-18
-1.40471e-18
-1.3976e-18
-1.37315e-18
-1.37747e-18
-1.37131e-18
-1.3725e-18
-1.38196e-18
-1.37425e-18
-1.39628e-18
-1.38912e-18
-1.38289e-18
-1.39582e-18
-1.3814e-18
-1.37734e-18
-1.39588e-18
-1.40142e-18
-1.41297e-18
-1.40229e-18
-1.40036e-18
-1.38986e-18
-1.38262e-18
-1.37029e-18
-1.38729e-18
-1.3765e-18
-1.37509e-18
-1.37766e-18
-1.36811e-18
-1.36223e-18
-1.34884e-18
-1.34959e-18
-1.34782e-18
-1.36457e-18
-1.34099e-18
-1.34267e-18
-1.34655e-18
-1.34803e-18
-1.35171e-18
-1.36264e-18
-1.3795e-18
-1.37728e-18
-1.38012e-18
-1.38584e-18
-1.38797e-18
-1.39669e-18
-1.38156e-18
-1.39199e-18
-1.37267e-18
-1.37635e-18
-1.37255e-18
-1.37934e-18
-1.3674e-18
-1.3532e-18
-1.38406e-18
-1.38498e-18
-1.38929e-18
-1.38763e-18
-1.39145e-18
-1.39655e-18
-1.4109e-18
-1.40722e-18
-1.4085e-18
-1.39906e-18
-1.40093e-18
-1.40102e-18
-1.38827e-18
-1.40524e-18
-1.40708e-18
-1.40562e-18
-1.4266e-18
-1.43668e-18
-1.44931e-18
-1.44172e-18
-1.44349e-18
-1.44285e-18
-1.42461e-18
-1.42153e-18
-1.43944e-18
-1.44736e-18
-1.45697e-18
-1.46459e-18
-1.47363e-18
-1.47698e-18
-1.48653e-18
-1.50072e-18
-1.50977e-18
-1.50167e-18
-1.51579e-18
-1.51646e-18
-1.51633e-18
-1.51045e-18
-1.49606e-18
-1.50134e-18
-1.49729e-18
-1.50497e-18
-1.5031e-18
-1.48382e-18
-1.4673e-18
-1.45494e-18
-1.46891e-18
-1.46043e-18
-1.4519e-18
-1.47764e-18
-1.46481e-18
-1.46057e-18
-1.45966e-18
-1.46992e-18
-1.46759e-18
-1.4699e-18
-1.48556e-18
-1.4827e-18
-1.47105e-18
-1.46974e-18
-1.4604e-18
-1.46675e-18
-1.46519e-18
-1.45056e-18
-1.43921e-18
-1.43039e-18
-1.44696e-18
-1.4607e-18
-1.4588e-18
-1.4747e-18
-1.47514e-18
-1.47485e-18
-1.46841e-18
-1.46002e-18
-1.46406e-18
-1.46855e-18
-1.46759e-18
-1.47732e-18
-1.47401e-18
-1.46782e-18
-1.46387e-18
-1.45771e-18
-1.46464e-18
-1.4714e-18
-1.4601e-18
-1.46661e-18
-1.46513e-18
-1.46977e-18
-1.45697e-18
-1.46417e-18
-1.45382e-18
-1.44632e-18
-1.4357e-18
-1.44045e-18
-1.44317e-18
-1.44849e-18
-1.44161e-18
-1.44889e-18
-1.45267e-18
-1.45974e-18
-1.43829e-18
-1.45969e-18
-1.47735e-18
-1.46956e-18
-1.46338e-18
-1.45643e-18
-1.4539e-18
-1.45753e-18
-1.45642e-18
-1.47016e-18
-1.46625e-18
-1.47148e-18
-1.46015e-18
-1.46454e-18
-1.47955e-18
-1.47537e-18
-1.4567e-18
-1.45769e-18
-1.45757e-18
-1.4364e-18
-1.4287e-18
-1.42039e-18
-1.4295e-18
-1.40487e-18
-1.41216e-18
-1.41434e-18
-1.40485e-18
-1.39195e-18
-1.38647e-18
-1.38091e-18
-1.36559e-18
-1.37047e-18
-1.36897e-18
-1.38729e-18
-1.38708e-18
-1.39413e-18
-1.39019e-18
-1.40276e-18
-1.39087e-18
-1.38994e-18
-1.39091e-18
-1.38994e-18
-1.38297e-18
-1.38933e-18
-1.39345e-18
-1.38125e-18
-1.37412e-18
-1.36929e-18
-1.36203e-18
-1.35677e-18
-1.37761e-18
-1.37807e-18
-1.37818e-18
-1.38616e-18
-1.3861e-18
-1.39256e-18
-1.38897e-18
-1.38814e-18
-1.3897e-18
-1.37883e-18
-1.39205e-18
-1.38826e-18
-1.38747e-18
-1.39708e-18
-1.40202e-18
-1.41393e-18
-1.42832e-18
-1.4239e-18
-1.42635e-18
-1.42849e-18
-1.42219e-18
-1.41807e-18
-1.40776e-18
-1.40309e-18
-1.40133e-18
-1.41286e-18
-1.41114e-18
-1.41285e-18
-1.41267e-18
-1.42056e-18
-1.40984e-18
-1.41391e-18
-1.41521e-18
-1.41721e-18
-1.41793e-18
-1.41974e-18
-1.41231e-18
-1.40782e-18
-1.40472e-18
-1.3947e-18
-1.39054e-18
-1.39435e-18
-1.37756e-18
-1.36171e-18
-1.35801e-18
-1.36998e-18
-1.36933e-18
-1.3832e-18
-1.3932e-18
-1.36729e-18
-1.36325e-18
-1.35423e-18
-1.36457e-18
-1.34707e-18
-1.35219e-18
-1.34818e-18
-1.33688e-18
-1.33502e-18
-1.34171e-18
-1.32687e-18
-1.34415e-18
-1.34529e-18
-1.3368e-18
-1.33441e-18
-1.32078e-18
-1.32819e-18
-1.32164e-18
-1.32855e-18
-1.33942e-18
-1.34745e-18
-1.35489e-18
-1.35534e-18
-1.37006e-18
-1.35877e-18
-1.35081e-18
-1.34212e-18
-1.32382e-18
-1.3253e-18
-1.32953e-18
-1.33186e-18
-1.32685e-18
-1.3207e-18
-1.33186e-18
-1.32541e-18
-1.34697e-18
-1.35144e-18
-1.35331e-18
-1.3628e-18
-1.35622e-18
-1.36272e-18
-1.35723e-18
-1.35185e-18
-1.35831e-18
-1.36112e-18
-1.34511e-18
-1.3349e-18
-1.33382e-18
-1.32779e-18
-1.31809e-18
-1.30808e-18
-1.27811e-18
-1.27025e-18
-1.26808e-18
-1.29695e-18
-1.29862e-18
-1.28167e-18
-1.28495e-18
-1.28702e-18
-1.29837e-18
-1.3307e-18
-1.31322e-18
-1.31506e-18
-1.31412e-18
-1.32306e-18
-1.32612e-18
-1.32121e-18
-1.32351e-18
-1.31878e-18
-1.33195e-18
-1.33433e-18
-1.35362e-18
-1.35866e-18
-1.3525e-18
-1.36199e-18
-1.34998e-18
-1.35198e-18
-1.35626e-18
-1.36612e-18
-1.36178e-18
-1.35085e-18
-1.35303e-18
-1.35711e-18
-1.34577e-18
-1.348e-18
-1.34015e-18
-1.33666e-18
-1.34504e-18
-1.33686e-18
-1.32988e-18
-1.34833e-18
-1.34568e-18
-1.32745e-18
-1.31316e-18
-1.32234e-18
-1.33335e-18
-1.31064e-18
-1.31628e-18
-1.31273e-18
-1.33608e-18
-1.34403e-18
-1.35223e-18
-1.34977e-18
-1.35066e-18
-1.33799e-18
-1.35641e-18
-1.35961e-18
-1.36837e-18
-1.36618e-18
-1.37103e-18
-1.36912e-18
-1.3615e-18
-1.35583e-18
-1.36086e-18
-1.36962e-18
-1.38124e-18
-1.37507e-18
-1.35481e-18
-1.36018e-18
-1.36383e-18
-1.38459e-18
-1.37003e-18
-1.36445e-18
-1.37246e-18
-1.37534e-18
-1.37494e-18
-1.38541e-18
-1.37411e-18
-1.36521e-18
-1.35547e-18
-1.36601e-18
-1.37544e-18
-1.38985e-18
-1.38172e-18
-1.37409e-18
-1.37351e-18
-1.36621e-18
-1.37002e-18
-1.36713e-18
-1.37803e-18
-1.37393e-18
-1.37664e-18
-1.35895e-18
-1.35884e-18
-1.3479e-18
-1.33527e-18
-1.3307e-18
-1.32481e-18
-1.30456e-18
-1.33438e-18
-1.31977e-18
-1.30968e-18
-1.3083e-18
-1.31791e-18
-1.32657e-18
-1.35337e-18
-1.36115e-18
-1.35266e-18
-1.36131e-18
-1.37531e-18
-1.37506e-18
-1.395e-18
-1.39967e-18
-1.39344e-18
-1.39189e-18
-1.39592e-18
-1.39441e-18
-1.3758e-18
-1.36377e-18
-1.36113e-18
-1.34737e-18
-1.34609e-18
-1.33694e-18
-1.33381e-18
-1.33726e-18
-1.33718e-18
-1.33527e-18
-1.34719e-18
-1.35393e-18
-1.36908e-18
-1.38583e-18
-1.37762e-18
-1.37906e-18
-1.38634e-18
-1.38823e-18
-1.41201e-18
-1.42303e-18
-1.41846e-18
-1.41818e-18
-1.42077e-18
-1.42453e-18
-1.43048e-18
-1.42586e-18
-1.43325e-18
-1.41686e-18
-1.41278e-18
-1.41469e-18
-1.40898e-18
-1.40039e-18
-1.40063e-18
-1.37406e-18
-1.37712e-18
-1.39563e-18
-1.39171e-18
-1.39344e-18
-1.39201e-18
-1.39626e-18
-1.38824e-18
-1.3916e-18
-1.39559e-18
-1.41302e-18
-1.41142e-18
-1.41629e-18
-1.44704e-18
-1.46702e-18
-1.46212e-18
-1.46737e-18
-1.45428e-18
-1.46114e-18
-1.44315e-18
-1.4555e-18
-1.46119e-18
-1.46463e-18
-1.44082e-18
-1.4407e-18
-1.44785e-18
-1.4613e-18
-1.45908e-18
-1.46823e-18
-1.4809e-18
-1.48365e-18
-1.47315e-18
-1.4667e-18
-1.46478e-18
-1.46951e-18
-1.47211e-18
-1.48494e-18
-1.47396e-18
-1.47653e-18
-1.47717e-18
-1.47724e-18
-1.48502e-18
-1.47667e-18
-1.46612e-18
-1.44203e-18
-1.44189e-18
-1.45069e-18
-1.45931e-18
-1.46382e-18
-1.44545e-18
-1.44372e-18
-1.43884e-18
-1.44974e-18
-1.43178e-18
-1.42522e-18
-1.43403e-18
-1.43961e-18
-1.42986e-18
-1.42856e-18
-1.41229e-18
-1.41664e-18
-1.42482e-18
-1.41884e-18
-1.42216e-18
-1.42387e-18
-1.41446e-18
-1.42225e-18
-1.41582e-18
-1.41517e-18
-1.42306e-18
-1.41151e-18
-1.40823e-18
-1.4072e-18
-1.40403e-18
-1.39603e-18
-1.39008e-18
-1.36044e-18
-1.35357e-18
-1.34041e-18
-1.35057e-18
-1.36756e-18
-1.37763e-18
-1.34975e-18
-1.3461e-18
-1.35782e-18
-1.3521e-18
-1.37204e-18
-1.37428e-18
-1.37835e-18
-1.39261e-18
-1.40961e-18
-1.40476e-18
-1.37863e-18
-1.38538e-18
-1.36215e-18
-1.36827e-18
-1.37447e-18
-1.35327e-18
-1.37467e-18
-1.3708e-18
-1.36586e-18
-1.35795e-18
-1.34149e-18
-1.33016e-18
-1.32747e-18
-1.32755e-18
-1.32383e-18
-1.33652e-18
-1.31828e-18
-1.33728e-18
-1.33819e-18
-1.33109e-18
-1.3218e-18
-1.32027e-18
-1.31272e-18
-1.31858e-18
-1.32616e-18
-1.33571e-18
-1.34549e-18
-1.32615e-18
-1.32554e-18
-1.32823e-18
-1.33215e-18
-1.34553e-18
-1.33742e-18
-1.33663e-18
-1.33582e-18
-1.32073e-18
-1.33607e-18
-1.3397e-18
-1.34184e-18
-1.34665e-18
-1.34548e-18
-1.33761e-18
-1.34999e-18
-1.35374e-18
-1.34466e-18
-1.34022e-18
-1.34543e-18
-1.34361e-18
-1.32754e-18
-1.33021e-18
-1.33325e-18
-1.34589e-18
-1.34237e-18
-1.34193e-18
-1.32503e-18
-1.32159e-18
-1.31898e-18
-1.29013e-18
-1.29368e-18
-1.29891e-18
-1.29446e-18
-1.30158e-18
-1.3214e-18
-1.30899e-18
-1.30741e-18
-1.30544e-18
-1.31971e-18
-1.31787e-18
-1.32855e-18
-1.34432e-18
-1.3714e-18
-1.38366e-18
-1.36936e-18
-1.37764e-18
-1.35395e-18
-1.37418e-18
-1.3699e-18
-1.35846e-18
-1.34567e-18
-1.35771e-18
-1.36295e-18
-1.36629e-18
-1.3842e-18
-1.38968e-18
-1.40494e-18
-1.38679e-18
-1.39039e-18
-1.40296e-18
-1.41526e-18
-1.4176e-18
-1.40091e-18
-1.40355e-18
-1.40414e-18
-1.39652e-18
-1.38194e-18
-1.38531e-18
-1.4078e-18
-1.38608e-18
-1.391e-18
-1.40061e-18
-1.39424e-18
-1.37672e-18
-1.38899e-18
-1.39405e-18
-1.39903e-18
-1.40308e-18
-1.41286e-18
-1.42393e-18
-1.41987e-18
-1.41927e-18
-1.41265e-18
-1.42002e-18
-1.42281e-18
-1.43526e-18
-1.44975e-18
-1.44276e-18
-1.44679e-18
-1.46008e-18
-1.46209e-18
-1.46687e-18
-1.46588e-18
-1.45664e-18
-1.46682e-18
-1.46004e-18
-1.44528e-18
-1.44687e-18
-1.46509e-18
-1.46793e-18
-1.47684e-18
-1.47595e-18
-1.48368e-18
-1.4855e-18
-1.47408e-18
-1.47496e-18
-1.46721e-18
-1.4915e-18
-1.48566e-18
-1.48576e-18
-1.47225e-18
-1.45385e-18
-1.44455e-18
-1.45225e-18
-1.44829e-18
-1.457e-18
-1.45635e-18
-1.43588e-18
-1.44234e-18
-1.44152e-18
-1.42842e-18
-1.43018e-18
-1.42617e-18
-1.4238e-18
-1.42648e-18
-1.41565e-18
-1.41988e-18
-1.41628e-18
-1.42516e-18
-1.42286e-18
-1.41398e-18
-1.4069e-18
-1.41936e-18
-1.42764e-18
-1.43031e-18
-1.4318e-18
-1.42905e-18
-1.42941e-18
-1.41188e-18
-1.39203e-18
-1.40939e-18
-1.4141e-18
-1.43751e-18
-1.43668e-18
-1.436e-18
-1.43706e-18
-1.442e-18
-1.45338e-18
-1.45037e-18
-1.4455e-18
-1.45237e-18
-1.47009e-18
-1.46281e-18
-1.46443e-18
-1.45134e-18
-1.45665e-18
-1.46786e-18
-1.47008e-18
-1.48473e-18
-1.4762e-18
-1.48191e-18
-1.46631e-18
-1.46638e-18
-1.46413e-18
-1.47279e-18
-1.46429e-18
-1.45329e-18
-1.46279e-18
-1.4651e-18
-1.46651e-18
-1.46103e-18
-1.44986e-18
-1.45562e-18
-1.45211e-18
-1.44211e-18
-1.43643e-18
-1.43781e-18
-1.44912e-18
-1.42951e-18
-1.42604e-18
-1.41706e-18
-1.41643e-18
-1.42167e-18
-1.42792e-18
-1.42676e-18
-1.42959e-18
-1.42114e-18
-1.43384e-18
-1.41999e-18
-1.42778e-18
-1.42644e-18
-1.42554e-18
-1.41735e-18
-1.41877e-18
-1.41734e-18
-1.39773e-18
-1.40953e-18
-1.41352e-18
-1.40025e-18
-1.39649e-18
-1.38856e-18
-1.39263e-18
-1.39828e-18
-1.41862e-18
-1.43272e-18
-1.43488e-18
-1.44622e-18
-1.44812e-18
-1.44459e-18
-1.42377e-18
-1.43402e-18
-1.42933e-18
-1.42665e-18
-1.42064e-18
-1.43247e-18
-1.4348e-18
-1.43155e-18
-1.42235e-18
-1.41872e-18
-1.41573e-18
-1.41004e-18
-1.40686e-18
-1.40758e-18
-1.40536e-18
-1.41651e-18
-1.41282e-18
-1.40127e-18
-1.40101e-18
-1.40983e-18
-1.41047e-18
-1.41608e-18
-1.40489e-18
-1.38861e-18
-1.37543e-18
-1.37234e-18
-1.36517e-18
-1.37531e-18
-1.37224e-18
-1.39298e-18
-1.38679e-18
-1.38901e-18
-1.3901e-18
-1.41639e-18
-1.41264e-18
-1.40729e-18
-1.40338e-18
-1.41162e-18
-1.4125e-18
-1.42652e-18
-1.40737e-18
-1.41605e-18
-1.39685e-18
-1.39354e-18
-1.38847e-18
-1.38258e-18
-1.38514e-18
-1.36318e-18
-1.35159e-18
-1.35739e-18
-1.35519e-18
-1.35258e-18
-1.34857e-18
-1.36994e-18
-1.34374e-18
-1.32691e-18
-1.33003e-18
-1.33517e-18
-1.36206e-18
-1.3666e-18
-1.37234e-18
-1.38911e-18
-1.40602e-18
-1.40552e-18
-1.39615e-18
-1.39371e-18
-1.40412e-18
-1.4183e-18
-1.42465e-18
-1.42446e-18
-1.42313e-18
-1.39801e-18
-1.3874e-18
-1.38931e-18
-1.40081e-18
-1.41799e-18
-1.42394e-18
-1.41445e-18
-1.40643e-18
-1.40689e-18
-1.40212e-18
-1.38911e-18
-1.38194e-18
-1.37117e-18
-1.37536e-18
-1.38088e-18
-1.37879e-18
-1.36545e-18
-1.34832e-18
-1.35935e-18
-1.37631e-18
-1.38588e-18
-1.38949e-18
-1.40357e-18
-1.40374e-18
-1.39482e-18
-1.39999e-18
-1.40159e-18
-1.39157e-18
-1.38852e-18
-1.39002e-18
-1.39141e-18
-1.38137e-18
-1.37025e-18
-1.38302e-18
-1.38234e-18
-1.38967e-18
-1.37951e-18
-1.38034e-18
-1.38896e-18
-1.39696e-18
-1.39342e-18
-1.38677e-18
-1.37687e-18
-1.36346e-18
-1.3737e-18
-1.37537e-18
-1.38457e-18
-1.37096e-18
-1.36544e-18
-1.36808e-18
-1.37118e-18
-1.39134e-18
-1.40263e-18
-1.42181e-18
-1.43597e-18
-1.43328e-18
-1.43489e-18
-1.4227e-18
-1.41044e-18
-1.41533e-18
-1.40522e-18
-1.39342e-18
-1.38575e-18
-1.37368e-18
-1.38006e-18
-1.38688e-18
-1.41927e-18
-1.41119e-18
-1.4199e-18
-1.41585e-18
-1.41332e-18
-1.4127e-18
-1.40798e-18
-1.39941e-18
-1.40759e-18
-1.42503e-18
-1.41971e-18
-1.438e-18
-1.43853e-18
-1.42399e-18
-1.42377e-18
-1.43268e-18
-1.43021e-18
-1.4175e-18
-1.42113e-18
-1.42693e-18
-1.43354e-18
-1.4393e-18
-1.43873e-18
-1.43622e-18
-1.42468e-18
-1.43689e-18
-1.42411e-18
-1.41549e-18
-1.40635e-18
-1.41572e-18
-1.39225e-18
-1.38987e-18
-1.38894e-18
-1.39292e-18
-1.39776e-18
-1.41572e-18
-1.40829e-18
-1.39612e-18
-1.41506e-18
-1.41731e-18
-1.41987e-18
-1.4104e-18
-1.42559e-18
-1.42928e-18
-1.42472e-18
-1.42351e-18
-1.42761e-18
-1.40272e-18
-1.40549e-18
-1.41953e-18
-1.41731e-18
-1.40951e-18
-1.41141e-18
-1.41291e-18
-1.42662e-18
-1.43861e-18
-1.43262e-18
-1.44742e-18
-1.45364e-18
-1.4459e-18
-1.44919e-18
-1.44449e-18
-1.45326e-18
-1.45129e-18
-1.42984e-18
-1.41129e-18
-1.39593e-18
-1.38872e-18
-1.40373e-18
-1.39475e-18
-1.38907e-18
-1.36666e-18
-1.36684e-18
-1.36222e-18
-1.36391e-18
-1.36833e-18
-1.37423e-18
-1.37892e-18
-1.36549e-18
-1.3625e-18
-1.36098e-18
-1.35025e-18
-1.3489e-18
-1.36856e-18
-1.36557e-18
-1.37407e-18
-1.36915e-18
-1.36276e-18
-1.35372e-18
-1.34208e-18
-1.34851e-18
-1.35889e-18
-1.36195e-18
-1.35978e-18
-1.36629e-18
-1.35499e-18
-1.34796e-18
-1.34114e-18
-1.3291e-18
-1.34594e-18
-1.3508e-18
-1.35035e-18
-1.34829e-18
-1.36265e-18
-1.35863e-18
-1.35937e-18
-1.36269e-18
-1.37768e-18
-1.36933e-18
-1.36742e-18
-1.37759e-18
-1.39685e-18
-1.40484e-18
-1.40092e-18
-1.41647e-18
-1.42073e-18
-1.44534e-18
-1.43315e-18
-1.43539e-18
-1.45063e-18
-1.44949e-18
-1.46434e-18
-1.45949e-18
-1.45416e-18
-1.4576e-18
-1.45173e-18
-1.42973e-18
-1.43993e-18
-1.44927e-18
-1.4457e-18
-1.45877e-18
-1.46758e-18
-1.44956e-18
-1.45e-18
-1.45921e-18
-1.45381e-18
-1.44747e-18
-1.4442e-18
-1.44351e-18
-1.44031e-18
-1.43107e-18
-1.42229e-18
-1.41666e-18
-1.42189e-18
-1.43864e-18
-1.43606e-18
-1.43912e-18
-1.43617e-18
-1.42965e-18
-1.41547e-18
-1.41914e-18
-1.40562e-18
-1.40664e-18
-1.39688e-18
-1.40143e-18
-1.41013e-18
-1.39846e-18
-1.40812e-18
-1.40296e-18
-1.39895e-18
-1.39637e-18
-1.40078e-18
-1.39808e-18
-1.40061e-18
-1.40076e-18
-1.38995e-18
-1.39129e-18
-1.39528e-18
-1.40809e-18
-1.41375e-18
-1.39644e-18
-1.40173e-18
-1.39885e-18
-1.40401e-18
-1.39405e-18
-1.38808e-18
-1.38748e-18
-1.38517e-18
-1.39542e-18
-1.37192e-18
-1.37389e-18
-1.36421e-18
-1.35983e-18
-1.37172e-18
-1.37654e-18
-1.37535e-18
-1.387e-18
-1.38234e-18
-1.40174e-18
-1.40038e-18
-1.40297e-18
-1.40557e-18
-1.41588e-18
-1.4339e-18
-1.44319e-18
-1.42688e-18
-1.41942e-18
-1.40557e-18
