-0.0105127
-0.0100548
0.0148531
0.0323855
0.0467051
0.0695954
0.0743277
0.103027
0.120678
0.131666
0.145416
0.157275
0.165236
0.173125
0.196964
0.207973
0.213271
0.215898
0.231072
0.232235
0.248299
0.268075
0.277385
0.268571
0.280007
0.299937
0.319908
0.338346
0.355059
0.360117
0.362476
0.364411
0.371082
0.372628
0.375109
0.395699
0.409164
0.420475
0.432259
0.454427
0.461816
0.474035
0.474416
0.483838
0.488777
0.494992
0.492328
0.511582
0.51749
0.507878
0.523702
0.535437
0.542425
0.553828
0.561151
0.548803
0.559586
0.560686
0.578866
0.593506
0.591012
0.599926
0.60881
0.617451
0.616925
0.613981
0.618738
0.623563
0.633144
0.638459
0.645492
0.654841
0.650387
0.646064
0.644386
0.664982
0.654368
0.654607
0.667271
0.664409
0.662245
0.668513
0.666441
0.675736
0.682949
0.691112
0.684641
0.688696
0.688002
0.690568
0.686476
0.684905
0.688143
0.687175
0.693967
0.696311
0.704336
0.712464
0.713596
0.710291
0.71459
0.715948
0.718118
0.729549
0.729927
0.725905
0.742466
0.743365
0.738316
0.727676
0.722895
0.736758
0.745874
0.739648
0.742705
0.74099
0.746087
0.740053
0.742208
0.74255
0.736653
0.732893
0.737595
0.734969
0.733663
0.730564
0.735328
0.740081
0.738673
0.746425
0.754258
0.748247
0.750545
0.744414
0.740935
0.739245
0.737232
0.734565
0.741903
0.73333
0.739277
0.746824
0.746378
0.748675
0.751924
0.753706
0.752486
0.746927
0.752899
0.75055
0.754864
0.749593
0.753268
0.755893
0.761357
0.764499
0.74804
0.752536
0.74395
0.745411
0.753687
0.757115
0.756076
0.764579
0.756569
0.761898
0.767919
0.768557
0.766932
0.763028
0.769197
0.770174
0.774494
0.772859
0.771242
0.769637
0.784291
0.78508
0.781674
0.787518
0.793815
0.785326
0.790268
0.803183
0.804878
0.803935
0.797631
0.792804
0.788897
0.788178
0.780915
0.781476
0.770243
0.770103
0.763376
0.761625
0.766429
0.770128
0.76992
0.775015
0.763629
0.758627
0.755127
0.746741
0.748992
0.743575
0.75368
0.754306
0.752794
0.756945
0.752437
0.752032
0.746283
0.745728
0.750316
0.742137
0.740591
0.741907
0.75221
0.749487
0.742118
0.741089
0.742722
0.74543
0.74591
0.748458
0.748059
0.747769
0.745166
0.735939
0.73384
0.738231
0.739921
0.748144
0.76146
0.767675
0.770799
0.757729
0.757546
0.753078
0.751016
0.750444
0.748343
0.754601
0.748616
0.751895
0.744003
0.749088
0.745857
0.744022
0.74502
0.741663
0.73553
0.734748
0.720544
0.72744
0.723967
0.722784
0.730354
0.718762
0.720766
0.721965
0.718188
0.725977
0.728055
0.734815
0.727049
0.726758
0.721137
0.728777
0.728603
0.741618
0.743726
0.747532
0.741932
0.749669
0.747707
0.751114
0.75484
0.755383
0.757546
0.758052
0.768831
0.769279
0.759073
0.752535
0.744081
0.745133
0.739071
0.739812
0.733262
0.735354
0.735307
0.742446
0.739452
0.74828
0.741976
0.740666
0.737617
0.742334
0.747521
0.742543
0.750486
0.744231
0.749089
0.749222
0.745419
0.74457
0.724259
0.724661
0.730435
0.734861
0.744393
0.743079
0.755363
0.768941
0.76572
0.767479
0.752893
0.74783
0.764587
0.758841
0.75604
0.74115
0.740204
0.748867
0.751715
0.745973
0.752287
0.768575
0.770115
0.776217
0.778845
0.779412
0.789983
0.788535
0.783132
0.785188
0.783115
0.780841
0.774134
0.765321
0.754734
0.752997
0.741178
0.746444
0.752371
0.747504
0.741312
0.752584
0.743504
0.756605
0.764004
0.763423
0.761149
0.754177
0.746637
0.748487
0.758962
0.756374
0.746453
0.734901
0.7324
0.734058
0.74681
0.755936
0.749967
0.746832
0.748557
0.752088
0.749846
0.745683
0.752661
0.758541
0.757191
0.757671
0.754781
0.75092
0.745228
0.744795
0.733783
0.722372
0.721693
0.717562
0.724574
0.736595
0.732768
0.725345
0.718503
0.727859
0.739922
0.739166
0.74311
0.744773
0.755604
0.76609
0.764788
0.76132
0.753667
0.762204
0.77407
0.779732
0.777549
0.775171
0.777969
0.780075
0.776549
0.775001
0.768964
0.765552
0.765698
0.766602
0.757871
0.761981
0.767214
0.762304
0.752078
0.755035
0.752846
0.752983
0.761309
0.757316
0.756953
0.762468
0.775885
0.777483
0.769616
0.779766
0.776073
0.774545
0.769928
0.773637
0.776211
0.776047
0.771335
0.765958
0.779069
0.786139
0.783776
0.790833
0.78636
0.78549
0.781314
0.784247
0.779021
0.778112
0.778781
0.776809
0.772037
0.775789
0.764263
0.763688
0.76274
0.764695
0.76157
0.755046
0.758692
0.758702
0.750215
0.756051
0.75085
0.74322
0.73704
0.741724
0.742677
0.738411
0.739597
0.739691
0.740395
0.73502
0.74119
0.74936
0.754408
0.748437
0.758442
0.766861
0.774223
0.776901
0.783783
0.78101
0.777843
0.776557
0.788847
0.789868
0.793452
0.787248
0.786639
0.783828
0.787493
0.802212
0.790989
0.786939
0.789982
0.782122
0.776476
0.778201
0.763708
0.76104
0.763322
0.774652
0.772482
0.782417
0.774515
0.779895
0.781746
0.782741
0.781055
0.770953
0.775919
0.763665
0.754047
0.751619
0.76528
0.76886
0.773985
0.771715
0.768025
0.772802
0.767652
0.763398
0.761316
0.758119
0.748975
0.751746
0.75601
0.757157
0.757923
0.757683
0.753436
0.755215
0.76311
0.769846
0.762928
0.766316
0.761995
0.76386
0.773338
0.767788
0.761507
0.757945
0.747467
0.748627
0.7513
0.754002
0.755267
0.747321
0.750345
0.749757
0.742721
0.745356
0.751661
0.747078
0.749447
0.751135
0.755655
0.742875
0.749765
0.754391
0.755094
0.761948
0.769636
0.756562
0.756748
0.753991
0.763257
0.76681
0.766949
0.772327
0.77238
0.774654
0.787022
0.796008
0.794566
0.803786
0.80758
0.798281
0.79381
0.790824
0.784026
0.789341
0.791877
0.793699
0.792451
0.795861
0.794615
0.790021
0.793899
0.787798
0.792111
0.801876
0.80019
0.801849
0.798754
0.796566
0.795303
0.796599
0.802294
0.796718
0.799538
0.797383
0.794702
0.798902
0.803025
0.800954
0.793914
0.79427
0.788991
0.787933
0.788188
0.776418
0.777049
0.778505
0.774306
0.76182
0.756905
0.754641
0.759574
0.757353
0.749914
0.746452
0.74237
0.737032
0.728639
0.727802
0.730321
0.726895
0.7275
0.732353
0.736485
0.737055
0.734847
0.730088
0.746628
0.745174
0.738468
0.738358
0.736587
0.743822
0.745874
0.747338
0.746234
0.74698
0.728014
0.732476
0.733489
0.728542
0.724108
0.737906
0.734415
0.738712
0.739034
0.741046
0.745307
0.731507
0.721743
0.722347
0.720269
0.719714
0.726809
0.731211
0.731314
0.735852
0.74752
0.748312
0.744424
0.752036
0.74918
0.740161
0.743979
0.752339
0.755288
0.74874
0.744791
0.742879
0.745011
0.748391
0.747334
0.746697
0.747818
0.743134
0.75604
0.764694
0.768709
0.757784
0.763478
0.768481
0.764372
0.765213
0.758585
0.764614
0.755635
0.759268
0.754496
0.748172
0.753014
0.750946
0.753268
0.762145
0.762853
0.762689
0.76833
0.762162
0.751691
0.742867
0.741701
0.745908
0.740163
0.74189
0.753771
0.752418
0.749526
0.743943
0.74068
0.737671
0.738589
0.736406
0.728064
0.727925
0.732967
0.726548
0.723207
0.714418
0.713063
0.724233
0.730761
0.730569
0.729075
0.735438
0.746456
0.741059
0.734601
0.738815
0.735942
0.736749
0.737379
0.731682
0.737122
0.745079
0.741204
0.743067
0.747809
0.754538
0.755981
0.76444
0.758525
0.770286
0.77231
0.781388
0.785606
0.785071
0.786999
0.795481
0.791603
0.79169
0.797823
0.793042
0.797422
0.796074
0.79659
0.787999
0.787814
0.788533
0.796191
0.806181
0.80071
0.795936
0.78083
0.775885
0.774571
0.774071
0.77656
0.775744
0.781118
0.780337
0.776738
0.780232
0.776545
0.781488
0.775985
0.777966
0.780251
0.774869
0.776579
0.77846
0.775835
0.775354
0.776862
0.77169
0.780088
0.786598
0.781391
0.782837
0.783295
0.771567
0.777091
0.784441
0.786372
0.780198
0.767801
0.767826
0.770116
0.77066
0.767094
0.761107
0.766882
0.772935
0.764882
0.759742
0.762048
0.753434
0.749787
0.753632
0.755489
0.755207
0.757806
0.755568
0.757304
0.753518
0.754215
0.751296
0.756393
0.753379
0.752848
0.761273
0.762293
0.76688
0.771882
0.776299
0.777992
0.777345
0.787011
0.784891
0.78657
0.784195
0.794687
0.796235
0.79194
0.793691
0.808462
0.80277
0.800245
0.793076
0.788451
0.789572
0.797418
0.791635
0.789948
0.790145
0.790448
0.78225
0.779406
0.772677
0.768966
0.76859
0.759168
0.754447
0.7546
0.751112
0.748261
0.767678
0.772648
0.772689
0.768888
0.765095
0.77079
0.770564
0.771176
0.765925
0.762633
0.761319
0.758208
0.753841
0.748445
0.744792
0.750952
0.738789
0.74532
0.74035
0.742207
0.733727
0.728323
0.721042
0.702247
0.702124
0.702404
0.704867
0.705787
0.708127
0.701195
0.699918
0.709743
0.708043
0.711701
0.705039
0.708877
0.709911
0.718055
0.719429
0.730914
0.731131
0.728772
0.729496
0.718958
0.72587
0.729288
0.726074
0.725129
0.725159
0.736294
0.736184
0.734216
0.738701
0.749059
0.7567
0.757928
0.767046
0.773919
0.767907
0.759086
0.765715
0.761935
0.76805
0.765963
0.766152
0.776605
0.771084
0.772808
0.77694
0.77336
0.784835
0.773241
0.776758
0.76169
0.757128
0.762369
0.759703
0.765374
0.77425
0.781608
0.785261
0.791883
0.777365
0.770568
0.77746
0.777841
0.774805
0.777077
0.782611
0.785399
0.786018
0.783372
0.779672
0.789373
0.786543
0.791913
0.79472
0.807708
0.812986
0.808342
0.817578
0.808724
0.806732
0.800557
0.808277
0.813015
0.82475
0.814595
0.821386
0.824459
0.824553
0.826073
0.818431
0.81176
0.806704
0.798828
0.806742
0.810751
0.804569
0.79371
0.785429
0.786918
0.789087
0.796067
0.787065
0.788085
0.786045
0.791203
0.789205
0.785459
0.789534
0.78805
0.79201
0.79129
0.794145
0.791281
0.777072
0.776365
0.783784
0.785645
0.79227
0.794814
0.785367
0.783323
0.781271
0.796954
0.804115
0.801029
0.801836
0.795599
0.780322
0.780464
0.778588
0.769659
0.779404
0.780605
0.781981
0.786564
0.783178
0.783527
0.779056
0.780708
0.78542
0.789117
0.788148
0.781023
0.793896
0.794236
0.791889
0.789969
0.783171
0.790072
0.786636
0.78544
0.790604
0.799222
0.791408
0.791074
0.78666
0.786303
0.786192
0.789172
0.79595
0.799722
0.795905
0.801688
0.801368
0.810702
0.806752
0.793962
0.79981
0.803771
0.807504
0.811593
0.812076
0.807172
0.807819
0.801464
0.807794
0.807734
0.803302
0.796081
0.791801
0.802414
0.794442
0.7893
0.790914
0.786854
0.791025
0.791914
0.787291
0.780704
0.789206
0.799089
0.805058
0.815179
0.821222
0.815454
0.806775
0.79273
0.802838
0.800584
0.803572
0.805733
0.806115
0.79726
0.797984
0.802711
0.794276
0.784945
0.773994
0.781791
0.785841
0.790683
0.792189
0.795407
0.80477
0.798065
0.791729
0.790415
0.797839
0.808043
0.820746
0.815545
0.804921
0.805967
0.802395
0.794531
0.799212
0.796726
0.790247
0.797754
0.791392
0.794462
0.799473
0.79771
0.793371
0.796685
0.79487
0.795193
0.79876
0.796488
0.804817
0.80078
0.797036
0.794698
0.792759
0.794622
0.785804
0.781052
0.779567
0.787144
0.79295
0.79468
0.793244
0.802788
0.802356
0.790245
0.79172
0.805871
0.805737
0.808171
0.805889
0.808218
0.797494
0.794357
0.792154
0.793315
0.795493
0.803799
0.798048
0.799614
0.796375
0.790094
0.797363
0.797377
0.790074
0.782835
0.773441
0.772907
0.772447
0.766637
0.763736
0.768956
0.769005
0.762124
0.756015
0.743392
0.732653
0.740867
0.740718
0.749304
0.748502
0.746503
0.747407
0.749543
0.75509
0.757771
0.76289
0.769016
0.778775
0.771825
0.769037
0.773687
0.778018
0.784544
0.78192
0.779835
0.776367
0.778437
0.781389
0.779235
0.775527
0.777598
0.787634
0.782232
0.7811
0.783488
0.78472
0.777167
0.779731
0.767669
0.756233
0.760367
0.748646
0.754145
0.743704
0.737029
0.744817
0.746896
0.736961
0.742802
0.746778
0.761935
0.767992
0.762568
0.772833
0.775634
0.774965
0.774895
0.768394
0.765866
0.774245
0.777656
0.781406
0.787679
0.796791
0.79
0.77881
0.779827
0.782662
0.77432
0.781285
0.780033
0.773305
0.767863
0.758818
0.769329
0.776367
0.781321
0.793384
0.797044
0.796797
0.796952
0.793367
0.795323
0.798822
0.780026
0.78333
0.7808
0.780515
0.787686
0.785131
0.788362
0.794936
0.788162
0.78381
0.786394
0.787232
0.79011
0.781622
0.779238
0.790238
0.790863
0.792295
0.795725
0.796938
0.796346
0.794341
0.793427
0.782638
0.777643
0.777898
0.771296
0.768168
0.768509
0.769923
0.765625
0.759412
0.770627
0.774907
0.779355
0.773437
0.771925
0.765188
0.76133
0.761958
0.758984
0.772907
0.777752
0.77377
0.776033
0.768569
0.77448
0.775172
0.785177
0.773368
0.781685
0.789777
0.780828
0.778043
0.77992
0.777336
0.782385
0.784546
0.785644
0.782899
0.791763
0.786604
0.790432
0.791576
0.788913
0.791407
0.788677
0.78617
0.795377
0.797824
0.79315
0.783235
0.786216
0.786918
0.792928
0.793624
0.796891
0.806659
0.800386
0.789111
0.793583
0.798689
0.798717
0.790179
0.793317
0.790017
0.78825
0.788599
0.795633
0.799717
0.788502
0.789615
0.782967
0.78593
0.786397
0.78688
0.790747
0.793972
0.801022
0.791847
0.787263
0.784225
0.782693
0.796869
0.801864
0.80099
0.799935
0.799523
0.806462
0.800416
0.804777
0.80508
0.806895
0.812441
0.811232
0.805897
0.809561
0.79978
0.795749
0.794845
0.791548
0.795321
0.799459
0.800828
0.798899
0.798274
0.803302
0.806809
0.797248
0.798214
0.795499
0.7967
0.795445
0.790536
0.794083
0.796786
0.790961
0.786286
0.80038
0.805615
0.805623
0.79316
0.805185
0.79635
0.801598
0.813936
0.820747
0.823321
0.827362
0.820671
0.818971
0.816726
0.816407
0.817317
0.818958
0.817345
0.820269
0.819837
0.820669
0.822233
0.820714
0.816853
0.806314
0.804849
0.804926
0.8102
0.808593
0.812525
0.819313
0.816724
0.817455
0.80858
0.818473
0.818769
0.818519
0.819152
0.817674
0.817377
0.820789
0.809319
0.803951
0.798075
0.800666
0.800695
0.802994
0.803375
0.80788
0.813025
0.802301
0.804986
0.819371
0.819713
0.835077
0.82906
0.828653
0.825928
0.820224
0.82437
0.823131
0.819498
0.819709
0.81592
0.809966
0.814431
0.804207
0.80443
0.8052
0.808567
0.798568
0.801118
0.801934
0.797177
0.798848
0.800462
0.800015
0.803677
0.797963
0.818028
0.827303
0.824288
0.827574
0.832501
0.8278
0.822208
0.809714
0.820321
0.812304
0.807087
0.808831
0.802023
0.809011
0.806597
0.793745
0.796873
0.799785
0.788332
0.788245
0.775842
0.771556
0.77271
0.768931
0.773938
0.778799
0.776229
0.779639
0.791109
0.787268
0.779387
0.782641
0.782091
0.770196
0.771562
0.776437
0.783654
0.778278
0.780077
0.777109
0.782358
0.789306
0.77763
0.774219
0.78549
0.793675
0.793237
0.800609
0.799232
0.80707
0.803029
0.804963
0.810491
0.810141
0.811972
0.803816
0.807366
0.810687
0.807165
0.803664
0.808213
0.807172
0.809756
0.822645
0.821537
0.821391
0.818448
0.816757
0.810622
0.80207
0.796484
0.792611
0.785273
0.793999
0.804855
0.803206
0.797591
0.798859
0.810296
0.808993
0.80741
0.804793
0.798186
0.796098
0.797812
0.794649
0.800311
0.796122
0.796303
0.799528
0.799758
0.797864
0.798936
0.794966
0.793519
0.787071
0.788528
0.790671
0.803031
0.798287
0.802289
0.795812
0.798762
0.803272
0.803713
0.799997
0.808173
0.804684
0.803091
0.808123
0.806378
0.811361
0.804932
0.811883
0.79765
0.808044
0.807127
0.811934
0.810778
0.810283
0.823694
0.821387
0.818262
0.820046
0.813922
0.807067
0.810297
0.811129
0.804654
0.80692
0.813627
0.817958
0.804155
0.807633
0.80066
0.787217
0.788048
0.785179
0.78605
0.780675
0.780577
0.783571
0.787876
0.79812
0.798749
0.802498
0.799512
0.80207
0.805856
0.809471
0.81324
0.818456
0.820138
0.819203
0.814796
0.814978
0.820187
0.806392
0.80327
0.796574
0.795533
0.804581
0.79699
0.790265
0.786828
0.786464
0.778477
0.772699
0.778141
0.772979
0.771378
0.775967
0.781669
0.792142
0.785528
0.786582
0.791981
0.803307
0.812867
0.80721
0.811784
0.804157
0.796404
0.800855
0.808561
0.805749
0.805032
0.805416
0.812993
0.812211
0.816707
0.811902
0.808785
0.814848
0.818045
0.816479
0.822318
0.826674
0.826859
0.828171
0.818233
0.81321
0.808711
0.80712
0.805407
0.80574
0.796214
0.789338
0.792214
0.791148
0.783783
0.78285
0.785413
0.784161
0.777474
0.778803
0.783955
0.778943
0.771328
0.758107
0.771476
0.781399
0.779356
0.778589
0.777561
0.773079
0.774456
0.771421
0.763579
0.761809
0.757562
0.753875
0.766878
0.76813
0.767711
0.76774
0.760607
0.758575
0.762747
0.763799
0.765093
0.769066
0.775373
0.778805
0.781851
0.797716
0.789254
0.791526
0.785371
0.788257
0.78305
0.782122
0.784872
0.789111
0.784459
0.786872
0.788512
0.779699
0.780358
0.77748
0.777926
0.777142
0.774996
0.765884
0.766815
0.764497
0.772348
0.77992
0.776121
0.777246
0.777582
0.7689
0.764542
0.769191
0.758405
0.757966
0.758938
0.758534
0.755228
0.749086
0.757254
0.760431
0.771849
0.769514
0.762469
0.758772
0.756801
0.760206
0.755053
0.747939
0.742303
0.748005
0.746308
0.753181
0.759666
0.766335
0.771009
0.782806
0.771427
0.769394
0.772972
0.773463
0.774604
0.770481
0.775111
0.776641
0.768213
0.768942
0.75867
0.766556
0.773829
0.771473
0.763601
0.764037
0.769497
0.76842
0.769766
0.770972
0.762377
0.757028
0.75475
0.743865
0.733639
0.745481
0.750378
0.756627
0.765322
0.766683
0.764005
0.761634
0.777795
0.771
0.774809
0.770453
0.763128
0.755826
0.759001
0.758631
0.749478
0.756996
0.757281
0.755665
0.768399
0.769032
0.769921
0.7687
0.770964
0.766535
0.770498
0.777649
0.776829
0.774371
0.779615
0.779302
0.775522
0.784072
0.793734
0.787613
0.776669
0.775251
0.777523
0.785072
0.778545
0.772501
0.77858
0.768221
0.767669
0.771376
0.759834
0.765347
0.768319
0.762081
0.758693
0.762542
0.757536
0.762454
0.755356
0.755209
0.757778
0.760503
0.75972
0.763667
0.762347
0.76947
0.765933
0.770537
0.768679
0.766914
0.755709
0.751095
0.74843
0.750548
0.749381
0.758042
0.762804
0.761396
0.768232
0.764524
0.768477
0.760111
0.765909
0.768518
0.762775
0.759889
0.756004
0.745191
0.741868
0.73571
0.741225
0.743839
0.751943
0.757097
0.748763
0.743697
0.741893
0.744668
0.750633
0.746468
0.75873
0.755903
0.743868
0.73869
0.73565
0.743024
0.746648
0.736136
0.743408
0.753593
0.755764
0.75726
0.754423
0.752215
0.757896
0.755749
0.753891
0.754402
0.759501
0.751992
0.75303
0.767307
0.770224
0.765975
0.748979
0.747723
0.749781
0.7472
0.762151
0.759453
0.768992
0.7683
0.771675
0.761699
0.763672
0.766149
0.771343
0.77463
0.771413
0.771514
0.764776
0.763414
0.765572
0.760865
0.77059
0.777457
0.778653
0.794441
0.801192
0.805822
0.802853
0.801128
0.801615
0.806711
0.803851
0.799492
0.805084
0.813114
0.809425
0.815157
0.81427
0.815547
0.818291
0.813045
0.808503
0.806856
0.81646
0.812201
0.802978
0.798629
0.789499
0.800647
0.800737
0.810976
0.810805
0.811735
0.809444
0.811991
0.815227
0.822587
0.810093
0.804895
0.804646
0.800371
0.798817
0.794926
0.794328
0.785484
0.782183
0.778005
0.779039
0.796304
0.788308
0.789514
0.785
0.782573
0.772682
0.774461
0.775265
0.763007
0.76091
0.765617
0.753721
0.75542
0.745164
0.743644
0.737322
0.743021
0.734052
0.723404
0.722862
0.718955
0.719652
0.725888
0.731527
0.729422
0.724143
0.723188
0.721657
0.728427
0.729086
0.72764
0.737895
0.731498
0.739406
0.738497
0.7292
0.735515
0.738139
0.732544
0.737297
0.746259
0.741841
0.739161
0.741312
0.739322
0.748862
0.752259
0.748578
0.745785
0.750862
0.755759
0.757395
0.751586
0.749082
0.750247
0.752586
0.755736
0.745949
0.747974
0.748657
0.749144
0.749427
0.75427
0.763718
0.763353
0.765528
0.769371
0.765721
0.759473
0.747655
0.74653
0.747728
0.757868
0.753481
0.755734
0.765222
0.769133
0.768063
0.761949
0.763588
0.756265
0.757807
0.756023
0.764702
0.764244
0.762971
0.761284
0.762104
0.768681
0.763848
0.767193
0.7749
0.772925
0.771894
0.760255
0.764198
0.768813
0.768701
0.768307
0.761148
0.750578
0.749475
0.753634
0.761134
0.758259
0.760807
0.762487
0.759481
0.756174
0.751221
0.761025
0.763605
0.758836
0.751422
0.758683
0.752168
0.758765
0.750535
0.741359
0.745337
0.728328
0.729132
0.742123
0.7486
0.754925
0.760767
0.751973
0.760267
0.77448
0.773525
0.760695
0.761945
0.761322
0.76646
0.76399
0.777429
0.781433
0.785142
0.788272
0.787385
0.791302
0.788897
0.789533
0.793798
0.789093
0.783499
0.779815
0.775027
0.78156
0.783823
0.77049
0.781838
0.795093
0.798484
0.799005
0.799537
0.778664
0.782532
0.786756
0.790844
0.795543
0.800003
0.803661
0.798922
0.790525
0.780406
0.783425
0.786919
0.781953
0.792598
0.790406
0.792324
0.797421
0.799245
0.80077
0.803617
0.801853
0.799012
0.799913
0.808531
0.808367
0.804915
0.802306
0.799728
0.792679
0.779103
0.780469
0.787413
0.785446
0.78908
0.789606
0.78132
0.779515
0.784227
0.779664
0.774937
0.781093
0.782104
0.781612
0.784842
0.787023
0.787611
0.788159
0.784542
0.782929
0.794032
0.790844
0.782241
0.788037
0.789873
0.790702
0.795692
0.797147
0.787194
0.787955
0.793878
0.797093
0.801558
0.797889
0.795486
0.789539
0.77842
0.780711
0.774747
0.77702
0.781472
0.774606
0.77769
0.777428
0.77511
0.776396
0.789325
0.793323
0.79517
0.786201
0.785694
0.7913
0.783972
0.780065
0.772083
0.784321
0.786146
0.790336
0.796093
0.79377
0.786089
0.781527
0.772787
0.77485
0.770204
0.766797
0.762165
0.761149
0.75728
0.753928
0.753098
0.766564
0.75999
0.767318
0.757909
0.76769
0.780257
0.77842
0.780178
0.783889
0.78326
0.779717
0.773094
0.789903
0.778685
0.774894
0.775428
0.779346
0.784559
0.784908
0.786808
0.787133
0.779378
0.772252
0.774478
0.77697
0.781084
0.783261
0.780899
0.778583
0.762967
0.767271
0.758039
0.761224
0.756379
0.762576
0.768682
0.760696
0.765734
0.768313
0.761242
0.766919
0.781018
0.778884
0.782093
0.784172
0.772224
0.773845
0.773049
0.766377
0.768907
0.777576
0.784548
0.780389
0.782499
0.780864
0.78284
0.790838
0.790034
0.789743
0.781026
0.784023
0.793441
0.802154
0.798076
0.796424
0.789276
0.792509
0.784172
0.784652
0.787541
0.791421
0.788037
0.787162
0.79462
0.800584
0.805615
0.803279
0.80481
0.810411
0.805141
0.798513
0.791574
0.793541
0.786099
0.79209
0.793953
0.786997
0.786401
0.784744
0.790156
0.798481
0.790057
0.791877
0.79476
0.802425
0.793332
0.800586
0.797481
0.789746
0.786668
0.797549
0.798393
0.803691
0.80732
0.813645
0.821313
0.817563
0.813384
0.81051
0.817347
0.806255
0.803293
0.800731
0.789397
0.782845
0.791508
0.802436
0.79208
0.790705
0.796306
0.803577
0.802696
0.781753
0.788755
0.783925
0.784482
0.795554
0.798574
0.803086
0.805766
0.810582
0.804211
0.800774
0.800906
0.797368
0.799427
0.799214
0.803219
0.805205
0.790898
0.778679
0.776895
0.77595
0.770833
0.764422
0.770211
0.772096
0.758798
0.758772
0.75836
0.76934
0.776092
0.773677
0.772874
0.77542
0.75956
0.755739
0.763373
0.751819
0.754039
0.75622
0.757061
0.75228
0.751816
0.752245
0.751355
0.757911
0.755546
0.756797
0.775099
0.77509
0.765262
0.762017
0.752722
0.761439
0.756961
0.752861
0.752114
0.747742
0.741573
0.740859
0.74794
0.743331
0.739131
0.748559
0.746118
0.745375
0.748285
0.74181
0.747848
0.741651
0.732976
0.732403
0.731188
0.724308
0.720189
0.709828
0.726284
0.727264
0.716325
0.726847
0.725126
0.736467
0.731224
0.738951
0.735651
0.738198
0.73572
0.730735
0.723218
0.723157
0.723478
0.714678
0.712012
0.723134
0.724294
0.717203
0.708895
0.709994
0.703907
0.71097
0.702949
0.700031
0.701434
0.692459
0.68408
0.68799
0.699163
0.700944
0.709408
0.728746
0.740828
0.744076
0.739531
0.746129
0.74282
0.733556
0.739652
0.742658
0.744356
0.73983
0.739413
0.739922
0.740836
0.746918
0.74796
0.757378
0.761056
0.770249
0.776511
0.77964
0.783709
0.779072
0.77686
0.774457
0.749237
0.750595
0.741266
0.756502
0.756506
0.748846
0.742631
0.751312
0.757654
0.754449
0.759402
0.750946
0.752906
0.744664
0.746713
0.745391
0.754152
0.761296
0.767436
0.768894
0.766523
0.77404
0.78355
0.78393
0.787571
0.781851
0.775512
0.765499
0.767136
0.777707
0.783227
0.788946
0.797657
0.794064
0.797354
0.78631
0.791704
0.798906
0.796857
0.79431
0.791228
0.782818
0.784173
0.788665
0.793527
0.790457
0.776808
0.77227
0.772433
0.771555
0.757938
0.766067
0.757611
0.76357
0.75955
0.757428
0.763781
0.766241
0.760667
0.766069
0.762526
0.757471
0.757613
0.749818
0.76104
0.766822
0.766048
0.770916
0.77451
0.778039
0.773447
0.775191
0.787785
0.781692
0.794023
0.780799
0.778798
0.784847
0.774005
0.77626
0.777202
0.788754
0.795919
0.791671
0.793497
0.800576
0.807476
0.798139
0.797731
0.798753
0.788517
0.786405
0.784594
0.782921
0.788002
0.781766
0.780441
0.78159
0.782453
0.784289
0.779215
0.769947
0.768579
0.763635
0.777755
0.775468
0.758112
0.757895
0.758666
0.755646
0.751949
0.747714
0.748197
0.743651
0.736558
0.743909
0.746246
0.744764
0.738708
0.744161
0.755612
0.766823
0.767828
0.77153
0.775499
0.784052
0.77781
0.780636
0.779042
0.769725
0.772045
0.77641
0.777016
0.775914
0.777991
0.78041
0.780433
0.787578
0.781299
0.777177
0.780468
0.775499
0.778765
0.767347
0.763839
0.761288
0.770059
0.772574
0.768229
0.779866
0.777574
0.782951
0.775735
0.779584
0.775255
0.77488
0.766293
0.762808
0.778991
0.779032
0.782164
0.783282
0.776147
0.777157
0.778947
0.784185
0.786678
0.790536
0.796217
0.801801
0.807259
0.804578
0.808606
0.798433
0.794001
0.783997
0.782433
0.78971
0.787955
0.786273
0.784771
0.792606
0.790318
0.793335
0.793143
0.795279
0.783312
0.780445
0.772961
0.770081
0.761993
0.766774
0.765245
0.755735
0.757257
0.752791
0.756061
0.753755
0.759998
0.769294
0.782192
0.786456
0.781067
0.782746
0.791581
0.781578
0.781163
0.773735
0.778363
0.774267
0.778735
0.780498
0.784064
0.784265
0.787404
0.776301
0.762696
0.759716
0.757697
0.754777
0.761969
0.768108
0.77708
0.775977
0.77639
0.780102
0.772371
0.76277
0.757356
0.754776
0.749232
0.758214
0.766095
0.761586
0.770391
0.773903
0.768999
0.769285
0.76826
0.761639
0.766308
0.776966
0.770981
0.772304
0.771699
0.786231
0.792394
0.787627
0.788547
0.787313
0.790996
0.793668
0.790339
0.781008
0.77468
0.776735
0.775758
0.776246
0.779134
0.779005
0.784425
0.786124
0.793144
0.78875
0.779519
0.785061
0.784919
0.772488
0.768
0.767645
0.765184
0.759979
0.751036
0.759881
0.756118
0.755963
0.758169
0.75981
0.757129
0.76377
0.769694
0.778362
0.774983
0.771559
0.759476
0.751306
0.758137
0.75383
0.750036
0.755561
0.754288
0.753922
0.754375
0.754144
0.751303
0.753529
0.753428
0.76148
0.757127
0.754023
0.762193
0.769977
0.766166
0.767599
0.770691
0.775017
0.779337
0.766066
0.762237
0.767212
0.761407
0.761754
0.757661
0.76346
0.769017
0.768836
0.767372
0.772159
0.772881
0.770867
0.761402
0.750516
0.749043
0.752182
0.755659
0.764042
0.761908
0.758226
0.76695
0.761931
0.764779
0.758714
0.761297
0.767041
0.760469
0.772903
0.77505
0.77206
0.783943
0.775356
0.784342
0.787917
0.78445
0.795987
0.790849
0.790074
0.78337
0.786513
0.781382
0.788144
0.792784
0.791931
0.788091
0.788615
0.79428
0.791717
0.781878
0.782076
0.779118
0.770524
0.76963
0.769925
0.772813
0.774336
0.761771
0.755711
0.752809
0.752076
0.753686
0.751835
0.75408
0.755333
0.761319
0.754398
0.75501
0.748138
0.745416
0.744275
0.745806
0.745249
0.745786
0.74642
0.74373
0.7566
0.761346
0.770103
0.775085
0.772535
0.77164
0.783017
0.78327
0.795784
0.793539
0.795463
0.797845
0.792569
0.795125
0.793067
0.783887
0.784479
0.782946
0.787415
0.783815
0.783611
0.787115
0.789659
0.788707
0.778851
0.7865
0.786177
0.780586
0.777891
0.77625
0.775559
0.765243
0.760915
0.759247
0.759376
0.759209
0.75528
0.75921
0.761881
0.76961
0.775113
0.768441
0.771094
0.774428
0.782537
0.77607
0.783701
0.777178
0.773429
0.778059
0.779094
0.786127
0.785015
0.787548
0.787468
0.791052
0.791853
0.796571
0.802012
0.798814
0.797106
0.80283
0.795375
0.80558
0.802693
0.80758
0.803601
0.797681
0.796098
0.797745
0.7969
0.79126
0.789399
0.793572
0.790842
0.783359
0.78113
0.782089
0.779319
0.770094
0.758768
0.756867
0.759464
0.769287
0.767989
0.766352
0.762585
0.769766
0.77498
0.770814
0.782485
0.781737
0.785445
0.788685
0.787617
0.79861
0.796737
0.787713
0.777092
0.780029
0.789408
0.785524
0.782426
0.782851
0.796063
0.797199
0.789155
0.788444
0.792214
0.792178
0.795969
0.799222
0.78045
0.786975
0.779242
0.77663
0.781117
0.780341
0.787113
0.788757
0.785864
0.787455
0.788813
0.793986
0.792955
0.796902
0.797617
0.790058
0.785722
0.787995
0.789871
0.792915
0.789519
0.790208
0.790314
0.795416
0.800371
0.808845
0.815578
0.810691
0.812683
0.825252
0.823557
0.820535
0.81226
0.809825
0.807299
0.797511
0.78936
0.788489
0.79267
0.796973
0.79528
0.791904
0.790618
0.787229
0.786124
0.790001
0.792944
0.800477
0.797633
0.80746
0.805538
0.805313
0.794923
0.793525
0.795334
0.794157
0.794477
0.797263
0.801971
0.807612
0.802449
0.806203
0.816308
0.8215
0.8203
0.818395
0.816292
0.813189
0.805415
0.798773
0.798118
0.804034
0.80829
0.80279
0.804312
0.796311
0.784681
0.78173
0.787103
0.785287
0.778081
0.774357
0.778364
0.776607
0.775286
0.779287
0.783699
0.795359
0.801732
0.804646
0.799826
0.793424
0.800471
0.799688
0.79479
0.782232
0.790885
0.786387
0.793378
0.79898
0.799386
0.79826
0.800327
0.800042
0.802288
0.803005
0.801709
0.806368
0.80126
0.799163
0.79172
0.794339
0.788044
0.79314
0.786222
0.782241
0.782291
0.771893
0.770859
0.762346
0.763702
0.766776
0.76503
0.760488
0.755216
0.754743
0.759265
0.760281
0.760264
0.761758
0.758204
0.750457
0.751835
0.757674
0.754699
0.753169
0.750123
0.756644
0.762296
0.762972
0.758072
0.759504
0.761502
0.768393
0.767538
0.764711
0.759165
0.763232
0.772348
0.785282
0.792242
0.798213
0.787301
0.783174
0.792791
0.795962
0.799557
0.798585
0.800746
0.796533
0.793067
0.785841
0.792634
0.795807
0.798584
0.802925
0.799082
0.80639
0.802354
0.798405
0.789996
0.784874
0.791257
0.798785
0.802766
0.806438
0.807267
0.800436
0.801456
0.796375
0.788551
0.793268
0.790189
0.79492
0.793795
0.789378
0.800074
0.797571
0.790239
0.790981
0.790048
0.771852
0.768945
0.765412
0.773716
0.776077
0.778796
0.780948
0.772687
0.778639
0.782426
0.780203
0.78282
0.786506
0.783918
0.791154
0.796726
0.795491
0.796766
0.798191
0.801282
0.800754
0.797861
0.79348
0.791955
0.783304
0.780716
0.782201
0.787059
0.783761
0.777402
0.77075
0.76722
0.767207
0.758516
0.749019
0.750242
0.757655
0.765448
0.772292
0.770805
0.771701
0.773638
0.778715
0.77185
0.762686
0.766862
0.768626
0.7615
0.780343
0.787427
0.787203
0.783865
0.788296
0.792709
0.775505
0.775182
0.766312
0.769271
0.770062
0.771882
0.772194
0.76663
0.76216
0.773889
0.779985
0.786962
0.78585
0.782562
0.790311
0.773156
0.777386
0.778997
0.784847
0.77703
0.772468
0.771346
0.766476
0.767909
0.765978
0.757008
0.754118
0.748398
0.753156
0.759325
0.768588
0.764764
0.771601
0.770618
0.778286
0.779953
0.776915
0.78366
0.777263
0.766382
0.769526
0.778797
0.776026
0.777846
0.774762
0.757129
0.763076
0.766942
0.77673
0.776855
0.772565
0.780112
0.784221
0.782714
0.779785
0.775952
0.779969
0.789634
0.788126
0.784491
0.789366
0.790331
0.795223
0.796611
0.796689
0.794175
0.786433
0.789516
0.776987
0.769502
0.77964
0.778683
0.781048
0.791561
0.785745
0.786425
0.769675
0.764155
0.75817
0.749239
0.753904
0.74296
0.745364
0.741164
0.739952
0.73123
0.728863
0.732007
0.7377
0.734459
0.73049
0.728515
0.7277
0.728772
0.730306
0.734788
0.741575
0.743594
0.737246
0.722813
0.725769
0.718231
0.715253
0.712252
0.722695
0.736603
0.743126
0.74284
0.748506
0.762124
0.75948
0.753831
0.749766
0.742712
0.748082
0.74474
0.74833
0.748966
0.741313
0.746706
0.749762
0.751688
0.752529
0.750909
0.745776
0.745714
0.759491
0.750785
0.760927
0.760887
0.75929
0.764332
0.763545
0.771546
0.774852
0.767949
0.772371
0.773825
0.782477
0.784341
0.787214
0.788196
0.77785
0.777603
0.777596
0.7756
0.777145
0.78403
0.786472
0.786152
0.775737
0.776782
0.775691
0.770141
0.769236
0.769056
0.772871
0.766684
0.769678
0.778699
0.771619
0.773482
0.768356
0.767382
0.762634
0.764548
0.754438
0.761694
0.76778
0.759865
0.753396
0.754477
0.7476
0.759342
0.761193
0.765106
0.763685
0.765632
0.761966
0.760575
0.755364
0.758574
0.751751
0.753595
0.754058
0.747238
0.749502
0.751142
0.757239
0.749812
0.748403
0.749307
0.748542
0.747542
0.744326
0.745732
0.739927
0.739073
0.740765
0.740985
0.735454
0.73354
0.734092
0.73894
0.741581
0.74226
0.73884
0.740585
0.742654
0.746714
0.737925
0.744275
0.747214
0.744906
0.745408
0.735693
0.735128
0.736545
0.739709
0.741789
0.7374
0.737234
0.737367
0.734369
0.726409
0.730104
0.735866
0.74188
0.741839
0.756599
0.762582
0.750411
0.747457
0.748112
0.757764
0.756954
0.762903
0.758892
0.763377
0.763936
0.765648
0.749985
0.753767
0.75737
0.759637
0.757202
0.761438
0.769592
0.767668
0.760251
0.765723
0.764887
0.774818
0.766648
0.759629
0.759631
0.768172
0.77352
0.776289
0.782035
0.786145
0.795291
0.795228
0.791963
0.794978
0.795946
0.801482
0.797266
0.793572
0.790234
0.784898
0.787556
0.787776
0.785668
0.7885
0.795764
0.793802
0.791804
0.780363
0.771298
0.777213
0.775648
0.766098
0.766333
0.757024
0.759459
0.76026
0.766149
0.776776
0.777484
0.785167
0.787945
0.782302
0.786082
0.793171
0.787444
0.782227
0.779902
0.780047
0.77541
0.776864
0.767298
0.77207
0.778641
0.77741
0.773228
0.76673
0.764074
0.753727
0.762844
0.775656
0.782709
0.774445
0.775286
0.775138
0.786149
0.784653
0.77943
0.77992
0.783412
0.777111
0.78038
0.77428
0.769177
0.769629
0.765037
0.754736
0.758651
0.761859
0.761348
0.765423
0.768226
0.769418
0.762251
0.772017
0.766529
0.766728
0.768996
0.764464
0.777831
0.779476
0.775165
0.775109
0.770975
0.770652
0.777985
0.778783
0.776086
0.77922
0.786859
0.782028
0.775823
0.772317
0.768936
0.767278
0.76901
0.775035
0.775329
0.773507
0.775587
0.778596
0.779489
0.778834
0.775863
0.768814
0.772333
0.771297
0.764095
0.761952
0.756409
0.756824
0.761663
0.766993
0.765979
0.772769
0.767284
0.759449
0.757448
0.769498
0.769431
0.774833
0.764313
0.755697
0.756348
0.752508
0.747957
0.748372
0.739379
0.748356
0.747228
0.749257
0.752336
0.752741
0.75531
0.760083
0.754361
0.756914
0.759885
0.755876
0.746493
0.740953
0.749315
0.757026
0.754303
0.7564
0.752596
0.762285
0.762206
0.759524
0.750158
0.754357
0.748123
0.755093
0.759255
0.756452
0.75172
0.740605
0.743053
0.746098
0.754453
0.746492
0.755385
0.752117
0.743681
0.737204
0.739548
0.747984
0.746127
0.755604
0.753667
0.761356
0.76121
0.757229
0.756109
0.758832
0.750502
0.748727
0.748404
0.737487
0.736431
0.714418
0.708341
0.719124
0.722776
0.725258
0.735736
0.739318
0.735057
0.729776
0.732486
0.732113
0.729416
0.742476
0.745886
0.754233
0.749782
0.742257
0.742933
0.743679
0.742994
0.753542
0.769619
0.767294
0.763993
0.758391
0.759271
0.768006
0.770191
0.76849
0.764936
0.763725
0.77238
0.76758
0.769655
0.764625
0.762904
0.756128
0.762742
0.756874
0.759271
0.76964
0.764927
0.768951
0.763592
0.771238
0.781034
0.781716
0.780672
0.779182
0.775802
0.787662
0.780586
0.776493
0.770889
0.765901
0.768925
0.775409
0.764363
0.774652
0.780485
0.773256
0.773136
0.768446
0.770777
0.77932
0.777542
0.777297
0.780434
0.776308
0.783717
0.779106
0.769753
0.767736
0.779104
0.784236
0.782513
0.778352
0.785432
0.791906
0.784396
0.78738
0.793712
0.791277
0.788425
0.805542
0.798007
0.79168
0.78925
0.779634
0.78113
0.787534
0.790234
0.791674
0.796384
0.793438
0.798437
0.791896
0.792898
0.803193
0.809431
0.811912
0.822722
0.829438
0.825658
0.819712
0.807871
0.807527
0.810871
0.800913
0.79828
0.787593
0.786323
0.78059
0.775017
0.772823
0.772033
0.784035
0.779552
0.783328
0.786706
0.78437
0.791958
0.796005
0.795921
0.795668
0.796519
0.793306
0.790287
0.784523
0.778854
0.770082
0.770662
0.780639
0.772176
0.774826
0.786558
0.792643
0.785707
0.782864
0.782244
0.786046
0.793171
0.799041
0.802556
0.805423
0.799535
0.802836
0.798794
0.803119
0.807327
0.811148
0.807641
0.802141
0.80759
0.797781
0.791369
0.794315
0.78352
0.78786
0.786214
0.787318
0.776462
0.773182
0.778005
0.776419
0.779137
0.784253
0.792919
0.797326
0.788951
0.795176
0.800499
0.799812
0.79506
0.791008
0.784716
0.779904
0.771499
0.770444
0.762012
0.759622
0.755205
0.752935
0.756534
0.766812
0.773185
0.763499
0.774701
0.773087
0.772125
0.769404
0.772543
0.773635
0.783028
0.784842
0.797231
0.800379
0.797327
0.791618
0.795519
0.790259
0.787653
0.781383
0.779769
0.771987
0.76914
0.774145
0.778152
0.775137
0.770225
0.765714
0.764205
0.770322
0.776633
0.778783
0.780206
0.77901
0.780447
0.773878
0.777375
0.779687
0.778752
0.775689
0.785646
0.781672
0.767994
0.770412
0.766968
0.767631
0.772923
0.768612
0.780932
0.776927
0.773443
0.780677
0.772612
0.770338
0.780706
0.783806
0.790268
0.784292
0.783213
0.777344
0.773293
0.766393
0.775903
0.76987
0.76908
0.770516
0.765179
0.761888
0.7544
0.75482
0.753829
0.7632
0.750009
0.750951
0.753117
0.753945
0.756003
0.762117
0.77155
0.770305
0.771896
0.775091
0.776286
0.781159
0.772702
0.778531
0.767728
0.769783
0.767659
0.771458
0.76478
0.756837
0.774096
0.77461
0.777024
0.776095
0.778233
0.781081
0.789106
0.787052
0.787766
0.782487
0.783532
0.783582
0.77645
0.785944
0.786973
0.786159
0.797891
0.803528
0.810591
0.806344
0.807334
0.806976
0.79678
0.795053
0.805072
0.809503
0.814878
0.819137
0.824194
0.826066
0.83141
0.839343
0.844408
0.839879
0.847775
0.84815
0.848074
0.844787
0.83674
0.83969
0.837427
0.841719
0.840678
0.829892
0.820654
0.813741
0.821556
0.81681
0.81204
0.826436
0.819259
0.81689
0.816379
0.822117
0.820818
0.822107
0.830867
0.829268
0.82275
0.82202
0.816792
0.820347
0.819472
0.81129
0.804945
0.80001
0.80928
0.816963
0.815897
0.82479
0.82504
0.824877
0.821272
0.81658
0.818841
0.821351
0.820814
0.826257
0.824407
0.820941
0.818737
0.815292
0.819163
0.822948
0.816627
0.820268
0.819441
0.822037
0.814878
0.818901
0.813113
0.808919
0.802977
0.805638
0.807156
0.810133
0.806284
0.810354
0.81247
0.816426
0.80443
0.816395
0.826274
0.821915
0.818459
0.814575
0.813159
0.815188
0.814568
0.822255
0.820067
0.822992
0.816655
0.819108
0.827505
0.825167
0.814727
0.815277
0.815209
0.80337
0.799066
0.794418
0.799509
0.785739
0.789813
0.791035
0.785726
0.778512
0.775448
0.772337
0.763765
0.766498
0.765659
0.775902
0.775789
0.779727
0.777526
0.784555
0.777907
0.777386
0.777927
0.777384
0.773486
0.777047
0.779349
0.772527
0.768538
0.765836
0.761774
0.758833
0.77049
0.770748
0.77081
0.77527
0.775236
0.778854
0.776845
0.776378
0.777254
0.771173
0.778565
0.776448
0.776006
0.781381
0.784145
0.790806
0.798854
0.79638
0.797752
0.798946
0.795422
0.793117
0.787353
0.784744
0.783759
0.790208
0.789243
0.790197
0.790099
0.794512
0.788516
0.790793
0.791517
0.792637
0.793041
0.794055
0.789898
0.787385
0.785651
0.780048
0.777723
0.779854
0.770461
0.761595
0.759526
0.766223
0.765861
0.773616
0.779208
0.76472
0.762461
0.757414
0.763197
0.753411
0.756271
0.754031
0.747711
0.746672
0.750409
0.742111
0.751773
0.752412
0.747663
0.74633
0.738705
0.74285
0.739186
0.743052
0.74913
0.753621
0.757785
0.758033
0.766267
0.759956
0.755503
0.75064
0.740408
0.741233
0.743602
0.744905
0.742098
0.738659
0.744902
0.741296
0.753354
0.755853
0.756897
0.762205
0.758528
0.762165
0.759093
0.756083
0.759698
0.761266
0.752313
0.746604
0.745996
0.742625
0.737202
0.731604
0.714842
0.710446
0.709228
0.725378
0.72631
0.716831
0.718665
0.719825
0.726173
0.744255
0.734479
0.735504
0.734978
0.73998
0.741691
0.738944
0.740233
0.737588
0.744955
0.746283
0.75707
0.75989
0.756445
0.761752
0.755035
0.756154
0.758549
0.764065
0.761634
0.755523
0.756744
0.759027
0.752683
0.753931
0.749541
0.747589
0.752273
0.747698
0.743794
0.754116
0.752634
0.742434
0.734442
0.739579
0.745738
0.733036
0.73619
0.734202
0.747265
0.751708
0.756297
0.754921
0.755418
0.748333
0.758632
0.760424
0.76532
0.7641
0.766809
0.765741
0.761479
0.758311
0.761121
0.766024
0.772522
0.769069
0.75774
0.76074
0.762782
0.774394
0.766251
0.763131
0.767612
0.769219
0.768997
0.774851
0.768533
0.763556
0.758109
0.764
0.769276
0.777337
0.772788
0.768524
0.768199
0.764112
0.766246
0.764631
0.770726
0.768432
0.769946
0.760055
0.75999
0.753873
0.746809
0.744255
0.740961
0.729632
0.746312
0.73814
0.732496
0.731724
0.737101
0.741945
0.756935
0.761285
0.756537
0.761372
0.769201
0.769064
0.780219
0.782831
0.779345
0.778475
0.780729
0.779885
0.769479
0.762748
0.761276
0.753576
0.75286
0.747741
0.745992
0.747924
0.747879
0.746807
0.753479
0.757248
0.765722
0.775087
0.770498
0.771303
0.775372
0.77643
0.789732
0.795891
0.793339
0.793182
0.794628
0.796733
0.800063
0.797478
0.80161
0.792444
0.790161
0.791226
0.788037
0.783231
0.783367
0.768502
0.770217
0.780566
0.778375
0.779343
0.778542
0.780921
0.776436
0.778316
0.780547
0.790295
0.789399
0.792126
0.80932
0.820494
0.817756
0.820691
0.813372
0.817209
0.807146
0.814054
0.817237
0.819158
0.805845
0.805778
0.809774
0.8173
0.816055
0.821173
0.828261
0.829798
0.823925
0.82032
0.819242
0.821888
0.823345
0.830521
0.82438
0.825815
0.826174
0.826213
0.830566
0.825896
0.819992
0.80652
0.806441
0.811363
0.816187
0.81871
0.808435
0.807466
0.804735
0.810831
0.800787
0.797117
0.802045
0.805165
0.799712
0.798985
0.789888
0.792317
0.796896
0.793552
0.795405
0.796364
0.7911
0.795459
0.791862
0.791497
0.795913
0.789451
0.787616
0.78704
0.785268
0.780793
0.777463
0.760884
0.757044
0.749683
0.755364
0.764872
0.770499
0.754909
0.752867
0.759422
0.756223
0.767373
0.768626
0.770904
0.77888
0.788385
0.785673
0.771058
0.774835
0.761844
0.765264
0.768733
0.756874
0.768844
0.766683
0.763919
0.759493
0.750288
0.743949
0.742449
0.74249
0.740414
0.747506
0.737306
0.747935
0.748443
0.744471
0.739277
0.738418
0.734195
0.737475
0.741712
0.747054
0.752523
0.741708
0.741368
0.74287
0.745065
0.752547
0.748013
0.747568
0.747115
0.738675
0.747256
0.749286
0.750482
0.753174
0.75252
0.748121
0.755042
0.75714
0.752063
0.749581
0.752493
0.751476
0.742488
0.743979
0.745677
0.752752
0.75078
0.750534
0.741081
0.739157
0.7377
0.721563
0.72355
0.726473
0.723986
0.727966
0.739051
0.732109
0.731228
0.730128
0.738109
0.737076
0.743048
0.751873
0.767016
0.773874
0.765878
0.770504
0.757257
0.768569
0.766177
0.75978
0.752624
0.759362
0.762289
0.764158
0.774174
0.777242
0.785776
0.775623
0.77764
0.784671
0.791547
0.792857
0.783524
0.784999
0.785331
0.781069
0.772911
0.774795
0.787375
0.775226
0.777979
0.783355
0.779789
0.769992
0.776853
0.779687
0.782469
0.784737
0.790203
0.796397
0.794128
0.793792
0.79009
0.794209
0.795771
0.802733
0.810836
0.80693
0.80918
0.816615
0.817742
0.820416
0.819862
0.814689
0.820385
0.816595
0.80834
0.809226
0.819416
0.821008
0.825988
0.825489
0.829812
0.830834
0.824447
0.824938
0.820603
0.834189
0.830925
0.830977
0.823422
0.813129
0.807929
0.812235
0.81002
0.814892
0.81453
0.803079
0.806692
0.806237
0.798909
0.79989
0.79765
0.796321
0.797821
0.791767
0.794131
0.792117
0.797082
0.795796
0.790829
0.786871
0.793843
0.798471
0.799964
0.800799
0.79926
0.799461
0.789659
0.778552
0.788263
0.790897
0.803994
0.803529
0.803145
0.803741
0.806505
0.81287
0.811183
0.808461
0.812302
0.822211
0.81814
0.81905
0.811728
0.814698
0.820964
0.822206
0.830399
0.82563
0.828827
0.8201
0.82014
0.818879
0.823722
0.81897
0.812818
0.818131
0.819421
0.82021
0.817149
0.810902
0.814123
0.81216
0.806566
0.80339
0.804161
0.810487
0.799515
0.797578
0.792556
0.792203
0.795134
0.798627
0.797977
0.799565
0.794835
0.801939
0.794196
0.798552
0.797799
0.797298
0.792716
0.793508
0.792712
0.781745
0.788341
0.790576
0.783154
0.781052
0.776613
0.778892
0.78205
0.793426
0.801313
0.80252
0.808866
0.809929
0.807953
0.796305
0.802038
0.799415
0.79792
0.794558
0.80117
0.802479
0.800657
0.795513
0.793482
0.791812
0.788626
0.786847
0.787252
0.78601
0.792249
0.790183
0.783722
0.783577
0.788512
0.78887
0.792004
0.785747
0.776643
0.769268
0.767542
0.763532
0.769202
0.767489
0.779087
0.775623
0.776868
0.777476
0.792178
0.79008
0.78709
0.7849
0.78951
0.790005
0.797843
0.787136
0.791992
0.78125
0.7794
0.776565
0.773268
0.7747
0.762417
0.755939
0.759179
0.757949
0.756491
0.754246
0.766201
0.75155
0.742131
0.743878
0.746752
0.761792
0.76433
0.767545
0.776923
0.786378
0.786101
0.780862
0.779492
0.785317
0.793245
0.796799
0.796694
0.795952
0.781898
0.775968
0.777034
0.783464
0.793074
0.796402
0.791093
0.786608
0.786864
0.7842
0.776925
0.772911
0.766886
0.769234
0.772318
0.771149
0.763688
0.754111
0.760278
0.76976
0.775115
0.777133
0.785007
0.785105
0.780115
0.783006
0.7839
0.778301
0.77659
0.777432
0.778211
0.772591
0.766372
0.773513
0.773134
0.777234
0.771552
0.772019
0.776837
0.781311
0.779333
0.775616
0.770079
0.762576
0.768306
0.769235
0.774383
0.766771
0.763684
0.765158
0.766892
0.778168
0.784485
0.795211
0.803129
0.801624
0.802525
0.795708
0.788849
0.791584
0.78593
0.77933
0.775044
0.76829
0.771858
0.775672
0.793792
0.789269
0.79414
0.791878
0.790463
0.790117
0.787478
0.78268
0.787259
0.797011
0.794036
0.804266
0.804563
0.79643
0.796309
0.801289
0.79991
0.792799
0.794831
0.798073
0.801771
0.804992
0.804674
0.803268
0.796819
0.803645
0.796499
0.791678
0.786565
0.791804
0.778678
0.777348
0.776829
0.779052
0.78176
0.791803
0.787652
0.780841
0.791435
0.792694
0.794125
0.788828
0.797327
0.799386
0.79684
0.796164
0.798453
0.784535
0.786082
0.793934
0.792693
0.788334
0.789396
0.790232
0.797901
0.804608
0.801255
0.809536
0.813015
0.808682
0.810525
0.807897
0.812802
0.811697
0.799702
0.789328
0.780737
0.776705
0.7851
0.780076
0.776901
0.764363
0.764468
0.761883
0.762828
0.7653
0.768598
0.771224
0.763712
0.762038
0.761187
0.755189
0.75443
0.765431
0.763759
0.768511
0.765756
0.762187
0.757131
0.750619
0.754213
0.76002
0.761732
0.760519
0.764159
0.757839
0.753909
0.75009
0.743361
0.752777
0.755493
0.755242
0.754092
0.762124
0.759874
0.760288
0.762143
0.77053
0.765861
0.76479
0.770477
0.781248
0.785722
0.783526
0.792226
0.794607
0.80837
0.801551
0.802805
0.811327
0.810695
0.818996
0.816288
0.813304
0.815228
0.811944
0.799641
0.805346
0.810571
0.808572
0.815885
0.820808
0.810732
0.810976
0.816129
0.813107
0.809562
0.807733
0.807348
0.805556
0.800391
0.795478
0.792329
0.795254
0.804621
0.803183
0.804894
0.803244
0.799597
0.791666
0.793716
0.786159
0.786725
0.781267
0.78381
0.788681
0.782151
0.787556
0.784668
0.782426
0.78098
0.78345
0.781937
0.783354
0.783438
0.777391
0.778141
0.780372
0.787535
0.790703
0.78102
0.783982
0.782369
0.785254
0.779683
0.776345
0.776011
0.774718
0.780453
0.767308
0.768411
0.762995
0.760546
0.767194
0.76989
0.769226
0.775742
0.773137
0.783984
0.783225
0.784671
0.78613
0.791897
0.801975
0.807169
0.798046
0.793873
0.786129
